1.5
1.498999
1.497998
1.496997
1.495996
1.494995
1.493994
1.492993
1.491992
1.490991
1.48999
1.488989
1.487988
1.486987
1.485986
1.484985
1.483984
1.482983
1.481982
1.480981
1.47998
1.478979
1.477978
1.476977
1.475976
1.474975
1.473974
1.472973
1.471972
1.470971
1.46997
1.468969
1.467968
1.466967
1.465966
1.464965
1.463964
1.462963
1.461962
1.460961
1.45996
1.458959
1.457958
1.456957
1.455956
1.454955
1.453954
1.452953
1.451952
1.450951
1.44995
1.448949
1.447948
1.446947
1.445946
1.444945
1.443944
1.442943
1.441942
1.440941
1.43994
1.438939
1.437938
1.436937
1.435936
1.434935
1.433934
1.432933
1.431932
1.430931
1.42993
1.428929
1.427928
1.426927
1.425926
1.424925
1.423924
1.422923
1.421922
1.420921
1.41992
1.418919
1.417918
1.416917
1.415916
1.414915
1.413914
1.412913
1.411912
1.410911
1.40991
1.408909
1.407908
1.406907
1.405906
1.404905
1.403904
1.402903
1.401902
1.400901
1.3999
1.398899
1.397898
1.396897
1.395896
1.394895
1.393894
1.392893
1.391892
1.390891
1.38989
1.388889
1.387888
1.386887
1.385886
1.384885
1.383884
1.382883
1.381882
1.380881
1.37988
1.378879
1.377878
1.376877
1.375876
1.374875
1.373874
1.372873
1.371872
1.370871
1.36987
1.368869
1.367868
1.366867
1.365866
1.364865
1.363864
1.362863
1.361862
1.360861
1.35986
1.358859
1.357858
1.356857
1.355856
1.354855
1.353854
1.352853
1.351852
1.350851
1.34985
1.348849
1.347848
1.346847
1.345846
1.344845
1.343844
1.342843
1.341842
1.340841
1.33984
1.338839
1.337838
1.336837
1.335836
1.334835
1.333834
1.332833
1.331832
1.330831
1.32983
1.328829
1.327828
1.326827
1.325826
1.324825
1.323824
1.322823
1.321822
1.320821
1.31982
1.318819
1.317818
1.316817
1.315816
1.314815
1.313814
1.312813
1.311812
1.310811
1.30981
1.308809
1.307808
1.306807
1.305806
1.304805
1.303804
1.302803
1.301802
1.300801
1.2998
1.298799
1.297798
1.296797
1.295796
1.294795
1.293794
1.292793
1.291792
1.290791
1.28979
1.288789
1.287788
1.286787
1.285786
1.284785
1.283784
1.282783
1.281782
1.280781
1.27978
1.278779
1.277778
1.276777
1.275776
1.274775
1.273774
1.272773
1.271772
1.270771
1.26977
1.268769
1.267768
1.266767
1.265766
1.264765
1.263764
1.262763
1.261762
1.260761
1.25976
1.258759
1.257758
1.256757
1.255756
1.254755
1.253754
1.252753
1.251752
1.250751
1.24975
1.248749
1.247748
1.246747
1.245746
1.244745
1.243744
1.242743
1.241742
1.240741
1.23974
1.238739
1.237738
1.236737
1.235736
1.234735
1.233734
1.232733
1.231732
1.230731
1.22973
1.228729
1.227728
1.226727
1.225726
1.224725
1.223724
0.777277
0.778278
0.779279
0.78028
0.781281
0.782282
0.783283
0.784284
0.785285
0.786286
0.787287
0.788288
0.789289
0.79029
0.791291
0.792292
0.793293
0.794294
0.795295
0.796296
0.797297
0.798298
0.799299
0.8003
0.801301
0.802302
0.803303
0.804304
0.805305
0.806306
0.807307
0.808308
0.809309
0.81031
0.811311
0.812312
0.813313
0.814314
0.815315
0.816316
0.817317
0.818318
0.819319
0.82032
0.821321
0.822322
0.823323
0.824324
0.825325
0.826326
0.827327
0.828328
0.829329
0.83033
0.831331
0.832332
0.833333
0.834334
0.835335
0.836336
0.837337
0.838338
0.839339
0.84034
0.841341
0.842342
0.843343
0.844344
0.845345
0.846346
0.847347
0.848348
0.849349
0.85035
0.851351
0.852352
0.853353
0.854354
0.855355
0.856356
0.857357
0.858358
0.859359
0.86036
0.861361
0.862362
0.863363
0.864364
0.865365
0.866366
0.867367
0.868368
0.869369
0.87037
0.871371
0.872372
0.873373
0.874374
0.875375
0.876376
0.877377
0.878378
0.879379
0.88038
0.881381
0.882382
0.883383
0.884384
0.885385
0.886386
0.887387
0.888388
0.889389
0.89039
0.891391
0.892392
0.893393
0.894394
0.895395
0.896396
0.897397
0.898398
0.899399
0.9004004
0.9014014
0.9024024
0.9034034
0.9044044
0.9054054
0.9064064
0.9074074
0.9084084
0.9094094
0.9104104
0.9114114
0.9124124
0.9134134
0.9144144
0.9154154
0.9164164
0.9174174
0.9184184
0.9194194
0.9204204
0.9214214
0.9224224
0.9234234
0.9244244
0.9254254
0.9264264
0.9274274
0.9284284
0.9294294
0.9304304
0.9314314
0.9324324
0.9334334
0.9344344
0.9354354
0.9364364
0.9374374
0.9384384
0.9394394
0.9404404
0.9414414
0.9424424
0.9434434
0.9444444
0.9454454
0.9464464
0.9474474
0.9484484
0.9494494
0.9504505
0.9514515
0.9524525
0.9534535
0.9544545
0.9554555
0.9564565
0.9574575
0.9584585
0.9594595
0.9604605
0.9614615
0.9624625
0.9634635
0.9644645
0.9654655
0.9664665
0.9674675
0.9684685
0.9694695
0.9704705
0.9714715
0.9724725
0.9734735
0.9744745
0.9754755
0.9764765
0.9774775
0.9784785
0.9794795
0.9804805
0.9814815
0.9824825
0.9834835
0.9844845
0.9854855
0.9864865
0.9874875
0.9884885
0.9894895
0.99049049
0.99149149
0.99249249
0.99349349
0.99449449
0.9954955
0.9964965
0.9974975
0.9984985
0.999499499
1.000500501
1.0015015
1.0025025
1.0035035
1.0045045
1.00550551
1.00650651
1.00750751
1.00850851
1.00950951
1.0105105
1.0115115
1.0125125
1.0135135
1.0145145
1.0155155
1.0165165
1.0175175
1.0185185
1.0195195
1.0205205
1.0215215
1.0225225
1.0235235
1.0245245
1.0255255
1.0265265
1.0275275
1.0285285
1.0295295
1.0305305
1.0315315
1.0325325
1.0335335
1.0345345
1.0355355
1.0365365
1.0375375
1.0385385
1.0395395
1.0405405
1.0415415
1.0425425
1.0435435
1.0445445
1.0455455
1.0465465
1.0475475
1.0485485
1.0495495
1.0505506
1.0515516
1.0525526
1.0535536
1.0545546
1.0555556
1.0565566
1.0575576
1.0585586
1.0595596
1.0605606
1.0615616
1.0625626
1.0635636
1.0645646
1.0655656
1.0665666
1.0675676
1.0685686
1.0695696
1.0705706
1.0715716
1.0725726
1.0735736
1.0745746
1.0755756
1.0765766
1.0775776
1.0785786
1.0795796
1.0805806
1.0815816
1.0825826
1.0835836
1.0845846
1.0855856
1.0865866
1.0875876
1.0885886
1.0895896
1.0905906
1.0915916
1.0925926
1.0935936
1.0945946
1.0955956
1.0965966
1.0975976
1.0985986
1.0995996
1.100601
1.101602
1.102603
1.103604
1.104605
1.105606
1.106607
1.107608
1.108609
1.10961
1.110611
1.111612
1.112613
1.113614
1.114615
1.115616
1.116617
1.117618
1.118619
1.11962
1.120621
1.121622
1.122623
1.123624
1.124625
1.125626
1.126627
1.127628
1.128629
1.12963
1.130631
1.131632
1.132633
1.133634
1.134635
1.135636
1.136637
1.137638
1.138639
1.13964
1.140641
1.141642
1.142643
1.143644
1.144645
1.145646
1.146647
1.147648
1.148649
1.14965
1.150651
1.151652
1.152653
1.153654
1.154655
1.155656
1.156657
1.157658
1.158659
1.15966
1.160661
1.161662
1.162663
1.163664
1.164665
1.165666
1.166667
1.167668
1.168669
1.16967
1.170671
1.171672
1.172673
1.173674
1.174675
1.175676
1.176677
1.177678
1.178679
1.17968
1.180681
1.181682
1.182683
1.183684
1.184685
1.185686
1.186687
1.187688
1.188689
1.18969
1.190691
1.191692
1.192693
1.193694
1.194695
1.195696
1.196697
1.197698
1.198699
1.1997
1.200701
1.201702
1.202703
1.203704
1.204705
1.205706
1.206707
1.207708
1.208709
1.20971
1.210711
1.211712
1.212713
1.213714
1.214715
1.215716
1.216717
1.217718
1.218719
1.21972
1.220721
1.221722
1.222723
0.776276
0.775275
0.774274
0.773273
0.772272
0.771271
0.77027
0.769269
0.768268
0.767267
0.766266
0.765265
0.764264
0.763263
0.762262
0.761261
0.76026
0.759259
0.758258
0.757257
0.756256
0.755255
0.754254
0.753253
0.752252
0.751251
0.75025
0.749249
0.748248
0.747247
0.746246
0.745245
0.744244
0.743243
0.742242
0.741241
0.74024
0.739239
0.738238
0.737237
0.736236
0.735235
0.734234
0.733233
0.732232
0.731231
0.73023
0.729229
0.728228
0.727227
0.726226
0.725225
0.724224
0.723223
0.722222
0.721221
0.72022
0.719219
0.718218
0.717217
0.716216
0.715215
0.714214
0.713213
0.712212
0.711211
0.71021
0.709209
0.708208
0.707207
0.706206
0.705205
0.704204
0.703203
0.702202
0.701201
0.7002
0.699199
0.698198
0.697197
0.696196
0.695195
0.694194
0.693193
0.692192
0.691191
0.69019
0.689189
0.688188
0.687187
0.686186
0.685185
0.684184
0.683183
0.682182
0.681181
0.68018
0.679179
0.678178
0.677177
0.676176
0.675175
0.674174
0.673173
0.672172
0.671171
0.67017
0.669169
0.668168
0.667167
0.666166
0.665165
0.664164
0.663163
0.662162
0.661161
0.66016
0.659159
0.658158
0.657157
0.656156
0.655155
0.654154
0.653153
0.652152
0.651151
0.65015
0.649149
0.648148
0.647147
0.646146
0.645145
0.644144
0.643143
0.642142
0.641141
0.64014
0.639139
0.638138
0.637137
0.636136
0.635135
0.634134
0.633133
0.632132
0.631131
0.63013
0.629129
0.628128
0.627127
0.626126
0.625125
0.624124
0.623123
0.622122
0.621121
0.62012
0.619119
0.618118
0.617117
0.616116
0.615115
0.614114
0.613113
0.612112
0.611111
0.61011
0.609109
0.608108
0.607107
0.606106
0.605105
0.604104
0.603103
0.602102
0.601101
0.6001
0.599099
0.598098
0.597097
0.596096
0.595095
0.594094
0.593093
0.592092
0.591091
0.59009
0.589089
0.588088
0.587087
0.586086
0.585085
0.584084
0.583083
0.582082
0.581081
0.58008
0.579079
0.578078
0.577077
0.576076
0.575075
0.574074
0.573073
0.572072
0.571071
0.57007
0.569069
0.568068
0.567067
0.566066
0.565065
0.564064
0.563063
0.562062
0.561061
0.56006
0.559059
0.558058
0.557057
0.556056
0.555055
0.554054
0.553053
0.552052
0.551051
0.55005
0.549049
0.548048
0.547047
0.546046
0.545045
0.544044
0.543043
0.542042
0.541041
0.54004
0.539039
0.538038
0.537037
0.536036
0.535035
0.534034
0.533033
0.532032
0.531031
0.53003
0.529029
0.528028
0.527027
0.526026
0.525025
0.524024
0.523023
0.522022
0.521021
0.52002
0.519019
0.518018
0.517017
0.516016
0.515015
0.514014
0.513013
0.512012
0.511011
0.51001
0.509009
0.508008
0.507007
0.506006
0.505005
0.504004
0.503003
0.502002
0.501001
0.5