0.5
0.501001001
0.502002002
0.503003003
0.504004004
0.505005005
0.506006006
0.507007007
0.508008008
0.509009009
0.51001001
0.511011011
0.512012012
0.513013013
0.514014014
0.515015015
0.516016016
0.517017017
0.518018018
0.519019019
0.52002002
0.521021021
0.522022022
0.523023023
0.524024024
0.525025025
0.526026026
0.527027027
0.528028028
0.529029029
0.53003003
0.531031031
0.532032032
0.533033033
0.534034034
0.535035035
0.536036036
0.537037037
0.538038038
0.539039039
0.54004004
0.541041041
0.542042042
0.543043043
0.544044044
0.545045045
0.546046046
0.547047047
0.548048048
0.549049049
0.55005005
0.551051051
0.552052052
0.553053053
0.554054054
0.555055055
0.556056056
0.557057057
0.558058058
0.559059059
0.56006006
0.561061061
0.562062062
0.563063063
0.564064064
0.565065065
0.566066066
0.567067067
0.568068068
0.569069069
0.57007007
0.571071071
0.572072072
0.573073073
0.574074074
0.575075075
0.576076076
0.577077077
0.578078078
0.579079079
0.58008008
0.581081081
0.582082082
0.583083083
0.584084084
0.585085085
0.586086086
0.587087087
0.588088088
0.589089089
0.59009009
0.591091091
0.592092092
0.593093093
0.594094094
0.595095095
0.596096096
0.597097097
0.598098098
0.599099099
0.6001001
0.601101101
0.602102102
0.603103103
0.604104104
0.605105105
0.606106106
0.607107107
0.608108108
0.609109109
0.61011011
0.611111111
0.612112112
0.613113113
0.614114114
0.615115115
0.616116116
0.617117117
0.618118118
0.619119119
0.62012012
0.621121121
0.622122122
0.623123123
0.624124124
0.625125125
0.626126126
0.627127127
0.628128128
0.629129129
0.63013013
0.631131131
0.632132132
0.633133133
0.634134134
0.635135135
0.636136136
0.637137137
0.638138138
0.639139139
0.64014014
0.641141141
0.642142142
0.643143143
0.644144144
0.645145145
0.646146146
0.647147147
0.648148148
0.649149149
0.65015015
0.651151151
0.652152152
0.653153153
0.654154154
0.655155155
0.656156156
0.657157157
0.658158158
0.659159159
0.66016016
0.661161161
0.662162162
0.663163163
0.664164164
0.665165165
0.666166166
0.667167167
0.668168168
0.669169169
0.67017017
0.671171171
0.672172172
0.673173173
0.674174174
0.675175175
0.676176176
0.677177177
0.678178178
0.679179179
0.68018018
0.681181181
0.682182182
0.683183183
0.684184184
0.685185185
0.686186186
0.687187187
0.688188188
0.689189189
0.69019019
0.691191191
0.692192192
0.693193193
0.694194194
0.695195195
0.696196196
0.697197197
0.698198198
0.699199199
0.7002002
0.701201201
0.702202202
0.703203203
0.704204204
0.705205205
0.706206206
0.707207207
0.708208208
0.709209209
0.71021021
0.711211211
0.712212212
0.713213213
0.714214214
0.715215215
0.716216216
0.717217217
0.718218218
0.719219219
0.72022022
0.721221221
0.722222222
0.723223223
0.724224224
0.725225225
0.726226226
0.727227227
0.728228228
0.729229229
0.73023023
0.731231231
0.732232232
0.733233233
0.734234234
0.735235235
0.736236236
0.737237237
0.738238238
0.739239239
0.74024024
0.741241241
0.742242242
0.743243243
0.744244244
0.745245245
0.746246246
0.747247247
0.748248248
0.749249249
0.75025025
0.751251251
0.752252252
0.753253253
0.754254254
0.755255255
0.756256256
0.757257257
0.758258258
0.759259259
0.76026026
0.761261261
0.762262262
0.763263263
0.764264264
0.765265265
0.766266266
0.767267267
0.768268268
0.769269269
0.77027027
0.771271271
0.772272272
0.773273273
0.774274274
0.775275275
0.776276276
0.777277277
0.778278278
0.779279279
0.78028028
0.781281281
0.782282282
0.783283283
0.784284284
0.785285285
0.786286286
0.787287287
0.788288288
0.789289289
0.79029029
0.791291291
0.792292292
0.793293293
0.794294294
0.795295295
0.796296296
0.797297297
0.798298298
0.799299299
0.8003003
0.801301301
0.802302302
0.803303303
0.804304304
0.805305305
0.806306306
0.807307307
0.808308308
0.809309309
0.81031031
0.811311311
0.812312312
0.813313313
0.814314314
0.815315315
0.816316316
0.817317317
0.818318318
0.819319319
0.82032032
0.821321321
0.822322322
0.823323323
0.824324324
0.825325325
0.826326326
0.827327327
0.828328328
0.829329329
0.83033033
0.831331331
0.832332332
0.833333333
0.834334334
0.835335335
0.836336336
0.837337337
0.838338338
0.839339339
0.84034034
0.841341341
0.842342342
0.843343343
0.844344344
0.845345345
0.846346346
0.847347347
0.848348348
0.849349349
0.85035035
0.851351351
0.852352352
0.853353353
0.854354354
0.855355355
0.856356356
0.857357357
0.858358358
0.859359359
0.86036036
0.861361361
0.862362362
0.863363363
0.864364364
0.865365365
0.866366366
0.867367367
0.868368368
0.869369369
0.87037037
0.871371371
0.872372372
0.873373373
0.874374374
0.875375375
0.876376376
0.877377377
0.878378378
0.879379379
0.88038038
0.881381381
0.882382382
0.883383383
0.884384384
0.885385385
0.886386386
0.887387387
0.888388388
0.889389389
0.89039039
0.891391391
0.892392392
0.893393393
0.894394394
0.895395395
0.896396396
0.897397397
0.898398398
0.899399399
0.9004004
0.901401401
0.902402402
0.903403403
0.904404404
0.905405405
0.906406406
0.907407407
0.908408408
0.909409409
0.91041041
0.911411411
0.912412412
0.913413413
0.914414414
0.915415415
0.916416416
0.917417417
0.918418418
0.919419419
0.92042042
0.921421421
0.922422422
0.923423423
0.924424424
0.925425425
0.926426426
0.927427427
0.928428428
0.929429429
0.93043043
0.931431431
0.932432432
0.933433433
0.934434434
0.935435435
0.936436436
0.937437437
0.938438438
0.939439439
0.94044044
0.941441441
0.942442442
0.943443443
0.944444444
0.945445445
0.946446446
0.947447447
0.948448448
0.949449449
0.95045045
0.951451451
0.952452452
0.953453453
0.954454454
0.955455455
0.956456456
0.957457457
0.958458458
0.959459459
0.96046046
0.961461461
0.962462462
0.963463463
0.964464464
0.965465465
0.966466466
0.967467467
0.968468468
0.969469469
0.97047047
0.971471471
0.972472472
0.973473473
0.974474474
0.975475475
0.976476476
0.977477477
0.978478478
0.979479479
0.98048048
0.981481481
0.982482482
0.983483483
0.984484484
0.985485485
0.986486486
0.987487487
0.988488488
0.989489489
0.99049049
0.991491491
0.992492492
0.993493493
0.994494494
0.995495495
0.996496496
0.997497497
0.998498498
0.999499499
1.000500501
1.001501502
1.002502503
1.003503504
1.004504505
1.005505506
1.006506507
1.007507508
1.008508509
1.00950951
1.010510511
1.011511512
1.012512513
1.013513514
1.014514515
1.015515516
1.016516517
1.017517518
1.018518519
1.01951952
1.020520521
1.021521522
1.022522523
1.023523524
1.024524525
1.025525526
1.026526527
1.027527528
1.028528529
1.02952953
1.030530531
1.031531532
1.032532533
1.033533534
1.034534535
1.035535536
1.036536537
1.037537538
1.038538539
1.03953954
1.040540541
1.041541542
1.042542543
1.043543544
1.044544545
1.045545546
1.046546547
1.047547548
1.048548549
1.04954955
1.050550551
1.051551552
1.052552553
1.053553554
1.054554555
1.055555556
1.056556557
1.057557558
1.058558559
1.05955956
1.060560561
1.061561562
1.062562563
1.063563564
1.064564565
1.065565566
1.066566567
1.067567568
1.068568569
1.06956957
1.070570571
1.071571572
1.072572573
1.073573574
1.074574575
1.075575576
1.076576577
1.077577578
1.078578579
1.07957958
1.080580581
1.081581582
1.082582583
1.083583584
1.084584585
1.085585586
1.086586587
1.087587588
1.088588589
1.08958959
1.090590591
1.091591592
1.092592593
1.093593594
1.094594595
1.095595596
1.096596597
1.097597598
1.098598599
1.0995996
1.100600601
1.101601602
1.102602603
1.103603604
1.104604605
1.105605606
1.106606607
1.107607608
1.108608609
1.10960961
1.110610611
1.111611612
1.112612613
1.113613614
1.114614615
1.115615616
1.116616617
1.117617618
1.118618619
1.11961962
1.120620621
1.121621622
1.122622623
1.123623624
1.124624625
1.125625626
1.126626627
1.127627628
1.128628629
1.12962963
1.130630631
1.131631632
1.132632633
1.133633634
1.134634635
1.135635636
1.136636637
1.137637638
1.138638639
1.13963964
1.140640641
1.141641642
1.142642643
1.143643644
1.144644645
1.145645646
1.146646647
1.147647648
1.148648649
1.14964965
1.150650651
1.151651652
1.152652653
1.153653654
1.154654655
1.155655656
1.156656657
1.157657658
1.158658659
1.15965966
1.160660661
1.161661662
1.162662663
1.163663664
1.164664665
1.165665666
1.166666667
1.167667668
1.168668669
1.16966967
1.170670671
1.171671672
1.172672673
1.173673674
1.174674675
1.175675676
1.176676677
1.177677678
1.178678679
1.17967968
1.180680681
1.181681682
1.182682683
1.183683684
1.184684685
1.185685686
1.186686687
1.187687688
1.188688689
1.18968969
1.190690691
1.191691692
1.192692693
1.193693694
1.194694695
1.195695696
1.196696697
1.197697698
1.198698699
1.1996997
1.200700701
1.201701702
1.202702703
1.203703704
1.204704705
1.205705706
1.206706707
1.207707708
1.208708709
1.20970971
1.210710711
1.211711712
1.212712713
1.213713714
1.214714715
1.215715716
1.216716717
1.217717718
1.218718719
1.21971972
1.220720721
1.221721722
1.222722723
1.223723724
1.224724725
1.225725726
1.226726727
1.227727728
1.228728729
1.22972973
1.230730731
1.231731732
1.232732733
1.233733734
1.234734735
1.235735736
1.236736737
1.237737738
1.238738739
1.23973974
1.240740741
1.241741742
1.242742743
1.243743744
1.244744745
1.245745746
1.246746747
1.247747748
1.248748749
1.24974975
1.250750751
1.251751752
1.252752753
1.253753754
1.254754755
1.255755756
1.256756757
1.257757758
1.258758759
1.25975976
1.260760761
1.261761762
1.262762763
1.263763764
1.264764765
1.265765766
1.266766767
1.267767768
1.268768769
1.26976977
1.270770771
1.271771772
1.272772773
1.273773774
1.274774775
1.275775776
1.276776777
1.277777778
1.278778779
1.27977978
1.280780781
1.281781782
1.282782783
1.283783784
1.284784785
1.285785786
1.286786787
1.287787788
1.288788789
1.28978979
1.290790791
1.291791792
1.292792793
1.293793794
1.294794795
1.295795796
1.296796797
1.297797798
1.298798799
1.2997998
1.300800801
1.301801802
1.302802803
1.303803804
1.304804805
1.305805806
1.306806807
1.307807808
1.308808809
1.30980981
1.310810811
1.311811812
1.312812813
1.313813814
1.314814815
1.315815816
1.316816817
1.317817818
1.318818819
1.31981982
1.320820821
1.321821822
1.322822823
1.323823824
1.324824825
1.325825826
1.326826827
1.327827828
1.328828829
1.32982983
1.330830831
1.331831832
1.332832833
1.333833834
1.334834835
1.335835836
1.336836837
1.337837838
1.338838839
1.33983984
1.340840841
1.341841842
1.342842843
1.343843844
1.344844845
1.345845846
1.346846847
1.347847848
1.348848849
1.34984985
1.350850851
1.351851852
1.352852853
1.353853854
1.354854855
1.355855856
1.356856857
1.357857858
1.358858859
1.35985986
1.360860861
1.361861862
1.362862863
1.363863864
1.364864865
1.365865866
1.366866867
1.367867868
1.368868869
1.36986987
1.370870871
1.371871872
1.372872873
1.373873874
1.374874875
1.375875876
1.376876877
1.377877878
1.378878879
1.37987988
1.380880881
1.381881882
1.382882883
1.383883884
1.384884885
1.385885886
1.386886887
1.387887888
1.388888889
1.38988989
1.390890891
1.391891892
1.392892893
1.393893894
1.394894895
1.395895896
1.396896897
1.397897898
1.398898899
1.3998999
1.400900901
1.401901902
1.402902903
1.403903904
1.404904905
1.405905906
1.406906907
1.407907908
1.408908909
1.40990991
1.410910911
1.411911912
1.412912913
1.413913914
1.414914915
1.415915916
1.416916917
1.417917918
1.418918919
1.41991992
1.420920921
1.421921922
1.422922923
1.423923924
1.424924925
1.425925926
1.426926927
1.427927928
1.428928929
1.42992993
1.430930931
1.431931932
1.432932933
1.433933934
1.434934935
1.435935936
1.436936937
1.437937938
1.438938939
1.43993994
1.440940941
1.441941942
1.442942943
1.443943944
1.444944945
1.445945946
1.446946947
1.447947948
1.448948949
1.44994995
1.450950951
1.451951952
1.452952953
1.453953954
1.454954955
1.455955956
1.456956957
1.457957958
1.458958959
1.45995996
1.460960961
1.461961962
1.462962963
1.463963964
1.464964965
1.465965966
1.466966967
1.467967968
1.468968969
1.46996997
1.470970971
1.471971972
1.472972973
1.473973974
1.474974975
1.475975976
1.476976977
1.477977978
1.478978979
1.47997998
1.480980981
1.481981982
1.482982983
1.483983984
1.484984985
1.485985986
1.486986987
1.487987988
1.488988989
1.48998999
1.490990991
1.491991992
1.492992993
1.493993994
1.494994995
1.495995996
1.496996997
1.497997998
1.498998999
1.5