1513
1506.72
1519.28
1494.15
1487.87
1487.87
1506.72
1519.29
1513
1500.44
1544.42
1513
1519.29
1513.01
1519.29
1500.44
1544.42
1594.69
1556.99
1588.41
1575.84
1563.27
1569.56
1575.84
1607.26
1569.56
1582.13
1563.28
1563.28
1557
1550.71
1557
1600.98
1582.13
1588.41
1575.85
1525.58
1575.85
1557
1563.28
1569.57
1531.87
1550.72
1569.57
1531.87
1513.02
1557
1519.3
1538.15
1569.57
1582.14
1569.57
1582.14
1588.42
1600.99
1563.29
1600.99
1600.99
1600.99
1626.12
1657.54
1638.69
1626.12
1619.84
1613.56
1651.26
1638.69
1651.26
1638.69
1701.53
1651.26
1626.13
1632.41
1632.41
1644.98
1663.83
1638.7
1676.4
1657.55
1651.26
1644.98
1638.7
1638.7
1626.13
1651.27
1651.27
1601
1632.42
1626.13
1601
1619.85
1613.57
1651.27
1657.55
1638.7
1582.15
1626.14
1651.27
1613.57
1657.55
1651.27
1638.7
1632.42
1670.12
1651.27
1651.27
1670.12
1657.56
1688.97
1626.14
1663.84
1613.58
1594.73
1588.44
1638.71
1613.58
1638.71
1601.01
1588.44
1588.44
1632.43
1632.43
1657.56
1638.71
1619.86
1663.84
1657.56
1632.43
1657.56
1739.24
1732.96
1745.53
1732.96
1732.96
1701.55
1726.68
1739.25
1739.25
1789.51
1701.55
1707.83
1745.53
1707.83
1751.81
1670.13
1732.96
1720.4
1701.55
1732.97
1688.98
1682.7
1745.53
1695.27
1726.68
1701.55
1714.12
1732.97
1739.25
1720.4
1695.27
1714.12
1695.27
1732.97
1770.67
1726.69
1802.08
1814.65
1795.8
1795.8
1846.07
1739.25
1839.78
1820.94
1820.94
1839.79
1783.24
1776.95
1764.39
1858.64
1802.09
1808.37
1789.52
1871.2
1839.79
1764.39
1820.94
1751.82
1814.66
1802.09
1795.81
1789.52
1770.67
1839.79
1833.51
1802.09
1802.09
1789.52
1858.64
1833.51
1839.79
1814.66
1858.64
1877.49
1833.51
1789.52
1858.64
1827.22
1833.51
1864.92
1808.38
1883.77
1802.09
1852.36
1814.66
1827.23
1883.77
1883.77
1789.53
1864.93
1890.06
1846.08
1808.38
1808.38
1858.64
1839.79
1877.49
1852.36
1839.79
1846.08
1820.94
1902.63
1795.81
1808.38
1852.36
1827.23
1839.79
1814.66
1802.1
1789.53
1776.96
1871.21
1802.1
1864.93
1871.21
1883.78
1890.06
1896.34
1852.36
1908.91
1839.8
1852.36
1871.21
1827.23
1864.93
1802.1
1846.08
1820.95
1921.48
1908.91
1902.63
1896.34
1808.38
1846.08
1877.5
1833.51
1852.36
1877.5
1984.31
1915.19
1871.21
1965.46
1890.06
1902.63
1927.76
1965.46
2009.44
1959.18
5829.51
3869.15
4974.99
5031.54
5829.51
5835.79
5483.93
338.004
5408.54
3699.51
5559.33
5144.64
2656.5
5779.24
4648.27
5389.69
4899.6
4635.71
5804.38
331.725
4019.96
5747.83
5465.09
5653.58
5829.51
4855.62
5490.22
5810.67
5772.97
5439.96
5515.36
4748.81
5276.6
4660.84
3347.66
5823.23
5760.4
5352
2392.62
5848.37
5697.57
4227.31
5842.09
5326.87
5710.14
4679.7
4484.92
5546.78
5722.71
5672.44
5710.14
1148.55
4849.35
5842.09
4522.62
5760.41
3611.56
5559.35
5634.75
5779.26
5395.99
2945.54
3919.44
5672.45
5823.24
5220.06
5854.66
5848.38
5823.25
5238.91
5678.73
5276.61
2757.05
5804.4
3749.8
4453.51
5622.19
3573.87
4667.14
5414.84
2876.44
5666.17
5641.04
5829.53
5653.61
5257.77
5747.85
5628.47
4686
5358.3
4805.38
5037.86
5427.41
5848.39
5835.82
5402.28
5829.54
5622.19
4874.5
5772.99
5672.46
4792.82
5735.29
5364.59
5037.86
5860.96
4610.6
4843.08
4723.7
5860.96
5427.42
5754.15
3203.17
5760.43
5590.78
5798.13
5854.68
2694.24
5829.55
3561.32
5264.06
3372.82
5628.49
5427.42
5773
4346.72
5659.9
5169.82
5100.7
5860.97
5571.94
4095.39
-4066.47
5414.86
4026.28
5590.79
5534.24
5860.97
5452.56
759.024
5697.61
5747.87
5609.64
5496.55
5860.97
5860.97
5867.26
2116.19
5163.54
5377.17
5182.39
5628.5
5320.62
5867.26
5816.99
5722.75
5735.31
4051.42
5647.35
5458.85
5735.31
5678.77
5458.85
4956.2
4981.33
5628.5
4773.99
5817
5383.46
5747.88
5666.2
5873.55
5257.8
5031.6
5113.28
5703.9
5584.52
5603.37
5471.43
5710.19
5747.89
5873.55
5339.48
5779.3
4026.3
4786.56
5741.61
5747.89
5873.55
3932.05
4975.06
1751.79
5433.73
5835.86
3661.87
5421.17
2449.22
3925.77
5477.72
5817.01
5301.79
3555.06
5854.71
3781.26
5446.3
2870.2
5647.37
5685.06
5860.99
4912.23
5848.43
5879.84
4170.82
5722.77
4478.7
5873.56
5754.18
5873.56
3630.47
5823.3
5722.77
4949.94
5031.62
5766.75
5835.87
5703.92
5810.73
3278.61
5873.57
5879.85
5546.84
5270.38
4717.46
3636.76
5854.72
3668.17
5873.57
5012.77
5817.02
5402.33
5571.98
5358.35
2675.43
5301.8
5861.01
5408.62
5810.74
3360.3
4221.1
4956.23
4428.44
5408.62
5571.98
2688
5867.29
5710.21
5785.61
5326.94
4547.83
5641.1
5427.47
5540.57
3071.28
5421.19
4792.87
5766.77
5886.15
3643.05
4057.74
5716.5
5408.63
5113.32
5691.37
5590.84
5892.43
5628.54
5798.19
5477.74
5886.15
5892.43
4453.59
5000.22
5810.75
5747.92
5370.93
3102.7
3448.28
5534.3
2179.08
5798.19
5069.34
3542.53
5842.17
5842.17
5590.85
5603.41
5804.48
4591.82
5886.16
5892.44
3724.74
3473.42
5898.73
5659.97
5817.05
5471.47
4472.44
5597.14
3033.6
5892.45
5000.23
5779.35
5886.16
5056.78
5647.4
5754.22
5873.6
5898.73
2876.52
4610.68
5905.02
4968.82
2568.65
4152.01
5898.73
5151.04
5634.84
3586.52
5377.23
3109
5220.15
4824.31
5440.06
5169.89
5666.26
5817.06
5540.6
5377.23
5408.65
5842.19
5452.63
5465.2
5892.46
5678.83
5817.06
1060.69
5905.02
5169.89
5345.82
5603.43
4503.88
5747.95
2669.19
5477.77
4478.74
5842.2
5691.4
3071.31
5446.36
5257.86
5534.32
5842.2
5829.63
5546.89
5898.75
4579.28
5905.03
5892.47
2593.79
3875.56
5911.32
5452.64
5785.65
2656.63
3674.5
5245.3
5691.41
5528.04
5471.5
2933.09
3391.76
5804.51
3454.6
4365.66
4246.28
5283
5019.11
4246.28
5798.23
5722.83
5791.94
5905.04
5873.63
5088.23
2022.03
5905.04
2977.08
5861.06
4547.88
5873.63
5345.84
5722.83
5389.82
5597.17
4918.59
5735.4
5886.2
3215.84
5421.24
5886.2
5509.21
4962.57
5867.35
5484.08
5917.62
5911.33
5182.48
5804.52
5779.39
5791.95
5446.38
5905.05
5741.69
4334.26
5697.71
5377.27
4730.1
5195.05
5151.07
3165.59
5898.77
4321.69
4642.13
3900.72
5050.54
865.942
5283.02
5484.08
5810.81
5923.91
5729.13
5458.95
5911.34
5628.6
5873.64
1758.16
1927.61
1839.64
1977.87
1871.06
1871.05
1933.89
1783.09
1801.94
1688.84
1732.82
1720.25
1701.4
1720.25
1751.67
1682.55
1669.98
1695.12
1720.25
1613.43
1638.57
1632.28
1613.43
1669.98
1644.85
1651.13
1600.86
1625.99
1613.43
1594.58
1657.41
1663.69
1682.54
1695.1
1695.1
1607.14
1550.59
1644.84
1644.84
1575.72
1600.85
1600.85
1619.7
1651.11
1638.55
1651.11
1569.43
1575.71
1594.56
1619.69
1619.69
1619.69
1575.71
1588.28
1632.26
1588.27
1676.24
1588.27
1600.84
1638.54
1625.97
1625.97
1569.42
1600.83
1607.12
1613.4
1625.96
1613.4
1569.41
1594.55
1588.26
1594.54
1500.29
1512.86
1506.58
1468.88
1481.44
1468.87
1475.16
1494.01
1437.46
1481.44
1450.02
1406.04
1468.87
1393.47
1481.43
1450.02
1418.6
1424.88
1456.3
1437.45
1443.73
1462.58
1481.43
1424.88
1519.12
1450.01
1481.42
1519.12
1481.42
1437.44
1418.59
1437.44
1437.44
1437.43
1368.32
1387.17
1387.17
1424.86
1406.01
1393.45
1412.3
1424.86
1380.88
1431.14
1399.73
1443.71
1406.01
1387.16
1443.7
1449.99
1399.72
1412.29
1418.57
1412.28
1355.73
1431.13
1362.02
1393.43
1336.88
1406
1399.71
1380.86
1380.86
1368.29
1437.41
1393.42
1362.01
1405.99
1418.55
1424.84
1380.85
1368.28
1380.85
1418.55
1349.43
1343.15
1362
1387.13
1380.84
1387.13
1368.28
1418.54
1343.14
1393.41
1387.12
1349.42
1374.55
1349.42
1393.4
1343.13
1349.42
1393.4
1355.7
1361.98
1355.7
1399.68
1399.68
1368.26
1399.67
1387.11
1355.69
1324.27
1393.39
1393.39
1405.95
1343.12
1361.97
1343.12
1299.13
1261.43
1292.85
1299.13
1242.58
1299.13
1273.99
1305.41
1311.69
1324.26
1311.69
1248.86
1286.55
1292.84
1236.29
1311.68
1261.42
1255.13
1273.98
1273.98
1286.55
1280.26
1280.26
1267.69
1255.13
1242.56
1267.69
1267.69
1255.12
1292.82
1242.55
1242.55
1255.12
1236.27
1217.42
1236.26
1242.55
1255.11
1248.83
1242.54
1154.58
1116.88
1116.88
1129.44
1185.99
1167.14
1148.29
1142
1160.85
1173.42
1116.87
1129.43
1123.15
1135.71
1104.3
1154.56
1098.01
1054.03
1110.57
1066.59
1066.59
1123.14
1066.59
1104.28
1091.72
1054.02
1116.85
1098
1085.43
1085.43
1141.98
1091.71
1110.56
1123.12
1072.86
1091.7
1104.27
1110.55
1085.42
1104.27
1091.7
1079.13
1066.56
1085.41
1072.84
1104.26
1072.84
1047.71
1060.27
1047.7
1104.25
1053.99
1079.12
1097.97
1079.11
1072.83
1085.4
1047.69
