710.131
488.129
490.462
842.299
301.512
603.843
661.425
606.161
823.575
305.784
658.236
734.731
5755.97
759.067
740.417
377.573
565.765
634.336
701.687
452.839
621.511
669.276
842.294
721.939
729.486
590.566
843.465
666.358
734.131
617.595
811.143
873.276
778.208
5969.62
829.992
515.762
863.29
597.172
772.317
660.938
540.78
848.709
773.266
811.062
620.566
841.083
672.271
767.423
691.781
910.342
653.705
606.939
534.387
753.796
765.948
572.302
787.758
891.167
720.32
603.652
760.365
586.147
877.113
657.742
761.135
655.119
710.391
543.192
710.445
649.796
582.655
798.367
743.833
609.595
6246.11
547.19
226.714
450.562
560.296
602.491
416.921
710.414
773.137
841.925
496.997
3337.02
719.318
438.597
855.328
691.22
647.942
910.438
567.111
880.184
571.19
609.489
828.679
909.946
622.568
681.202
583.58
866.813
783.666
685.66
4215.28
882.756
4310.94
804.239
483.498
718.485
465.589
863.149
787.118
854.666
883.213
628.623
760.234
601.984
465.351
1582.18
664.39
553.821
578.552
730.345
578.91
797.029
628.831
777.695
763.526
338.013
834.924
892.563
653.947
615.693
622.574
747.925
843.048
917.276
786.228
787.718
615.914
869.331
842.629
753.009
853.833
607.09
559.804
911.468
867.642
660.095
735.296
847.459
753.338
547.24
798.218
762.769
727.408
685.305
632.378
855.116
817.17
635.152
805.989
728.948
698.062
685.187
509.584
480.128
761.321
917.451
796.055
815.56
861.54
840.808
870.979
526.376
212.872
703.096
443.368
747.541
611.654
6365.62
288.53
907.374
684.88
772.001
659.531
790.727
817.665
879.247
681.331
723.326
6397.04
737.385
772.399
891.107
621.429
732.531
5259.8
537.511
753.398
2191.48
710.304
505.273
867.422
804.21
706.52
816.098
697.832
905.209
721.342
834.83
878.184
867.207
464.974
759.112
880.515
685.063
822.979
879.276
591.169
803.33
848.137
837.653
698.014
591.318
880.025
895.906
860.154
685.49
601.362
699.035
873.354
669.717
817.145
637.426
726.617
819.8
6428.52
816.959
890.844
885.749
653.483
594.874
383.733
670.077
673.24
717.043
1389.43
412.751
421.728
814.716
898.927
882.378
804.614
572.542
815.579
754.459
791.795
270.256
697.839
777.962
674.565
754.284
853.054
898.193
904.856
760.1
505.905
761.115
816.671
632.228
515.871
679.198
812.086
747.267
848.277
716.754
679.041
476.458
753.729
703.624
620.94
760.981
634.352
6013.82
753.729
624.943
566.16
849.114
848.649
1942.02
710.697
911.946
610.283
729.54
895.818
813.173
741.835
6076.76
691.977
717.373
612.618
528.643
483.094
520.015
591.352
891.665
754.217
735.9
836.353
306.023
909.473
786.851
794.44
764.644
641.577
859.011
747.304
867.483
572.475
868.037
754.547
852.335
6171.02
826.396
560.017
515.72
283.717
376.951
861.113
396.461
346.391
627.988
857.205
829.612
886.214
710.555
754.505
408.799
720.982
832.619
879.756
797.793
330.014
729.581
696.963
893.347
3978.22
761.013
649.31
431.777
798.478
804.952
349.979
874.227
481.831
2978.89
350.453
798.598
284.405
704.285
811.319
666.096
848.668
739.454
622.513
728.181
387.445
833.29
829.716
653.794
657.032
854.516
609.302
647.897
779.7
839.841
468.314
6378.39
731.23
475.857
760.835
408.425
879.665
690.625
748.266
830.033
6397.15
1314.19
287.7
830.275
798.547
792.317
303.381
440.25
729.258
716.915
396.056
874.531
683.202
824.274
635.467
366.504
836.472
275.209
365.001
761.044
860.495
424.588
448.152
798.579
896.216
678.137
723.354
547.43
574.169
742.286
1522.34
710.892
507.544
766.817
602.536
672.563
620.515
126.707
329.346
902.464
798.944
348.874
661.152
382.698
871.72
873.962
326.633
465.482
791.934
374.244
725.346
897.003
358.526
817.592
6233.95
679.583
917.4
823.888
826.146
776.387
1395.95
692.046
838.111
434.628
638.286
785.96
540.068
564.346
447.474
345.389
635.443
905.246
6460.18
823.843
633.804
811.106
856.186
646.528
767.364
846.975
721.29
160.947
553.574
779.959
357.756
911.31
577.443
384.375
842.742
326.235
342.033
332.796
434.131
6107.91
554.028
803.721
672.618
359.513
628.981
981.303
469.532
401.36
401.785
717.339
414.746
715.084
778.242
348.806
371.294
740.328
824.03
919.577
1273.06
6541.49
762.024
742.31
600.402
463.974
823.838
488.477
324.943
785.929
704.098
759.812
410.566
308.073
407.909
833.614
578.944
924.703
945.612
1490.35
830.339
553.708
892.917
923.995
471.376
507.383
783.03
528.557
825.084
809.453
899.621
6579.73
427
338.83
641.695
358.513
483.139
617.802
900.57
500.082
534.73
610.207
905.976
754.384
452.629
389.934
655.194
835.262
3067.29
861.451
883.005
640.657
817.551
572.583
389.651
629.066
465.24
880.275
635.435
805.108
682.697
358.441
478.224
522.138
811.705
419.01
452.402
432.031
477.823
452.903
503.249
528.234
706.275
382.788
463.165
427.022
383.362
364.659
942.594
439.021
452.096
383.218
428.01
375.694
370.753
863.85
375.949
390.083
6058.37
440.134
692.196
949.478
597.28
385.866
798.798
498.544
614.699
553.636
301.587
3639.36
452.178
425.982
823.959
343.471
484.493
390.23
314.129
395.862
559.979
401.802
371.758
1132.08
477.211
401.611
717.103
566.233
547.143
82.1854
457.342
1232.79
585.004
899.34
534.292
552.745
6001.65
486.482
400.687
425.648
766.094
473.808
290.828
692.924
496.904
356.84
584.836
438.071
463.826
918.297
451.754
583.972
917.302
413.601
849.179
410.563
434.343
955.616
497.802
1716.55
540.153
294.842
930.893
478.066
515.18
333.183
905.546
445.76
484.19
4902.36
417.446
427.453
486.183
307.73
6058.53
451.733
578.598
446.068
523.926
502.822
526.634
319.752
408.013
755.273
431.111
541.083
527.711
834.078
854.716
470.386
401.225
696.189
666.618
513.543
507.198
363.934
445.218
433.75
421.029
402.308
635.321
6642.12
677.493
509.299
364.062
1142.01
640.678
342.701
572.144
841.231
389.267
352.177
330.539
603.634
502.292
364.956
931.08
565.026
918.316
443.807
342.426
364.837
607.317
502.623
584.861
515.04
481.74
635.171
447.709
489.401
449.934
930.937
882.262
936.225
899.712
661.575
893.274
613.05
534.779
402.032
471.388
408.75
336.142
328.845
521.752
544.308
5417.93
376.946
445.993
508.436
465.496
6530.59
314.4
450.534
988.369
505.152
859.949
507.66
395.756
489.789
646.223
301.823
5913.69
710.683
849.336
366.032
597.547
70.6835
6208.03
723.419
353.668
471.532
382.735
459.112
346.116
723.754
525.219
560.579
289.183
471.242
470.545
331.873
565.899
509.557
586.301
415.734
491.477
472.2
616.286
427.575
390.883
685.461
903.501
6674.1
407.962
603.565
830.379
962.343
594.763
2193.3
364.854
635.509
925.293
352.199
805.198
602.631
597.757
364.262
698.307
585.617
358.12
590.983
415.992
975.447
594.06
415.14
448.049
475.135
461.16
607.107
470.963
351.336
600.594
642.586
383.698
643.78
517.775
506.281
358.138
286.644
950.007
308.413
937.526
4602.01
443.557
332.613
502.818
330.211
645.303
600.547
440.62
515.835
377.299
574.352
328.804
631.327
570.892
317.901
439.684
372.758
784.638
369.58
560.656
710.712
478.065
602.739
572.071
313.382
421.13
348.802
509.266
345.456
331.497
326.614
609.28
388.294
620.054
629.126
406.809
383.702
26.6784
377.265
483.461
553.665
325.773
420.437
589.351
691.587
956.301
593.829
308.035
325.477
400.998
805.412
710.924
609.669
439.859
689.265
767.384
314.957
748.015
495.244
6589.74
575.473
627.768
6817.1
384.155
470.479
6454.61
682.848
921.844
311.114
407.745
584.449
545.37
384.489
573.16
433.297
6647.76
572.039
641.441
539.865
483.852
641.629
528.093
388.476
691.673
306.439
565.787
339.961
633.812
602.699
464.572
541.001
465.876
861.746
558.649
584.382
622.105
805.022
458.445
508.347
414.229
559.717
471.126
622.196
804.933
623.197
495.334
648.531
559.958
622.251
653.815
6573.59
584.679
416.921
326.883
357.843
414.899
584.325
584.871
324.717
508.309
370.378
492.504
313.681
522.163
463.555
830.302
407.464
475.34
345.886
828.771
527.695
536.146
597.091
521.669
479.159
483.664
754.728
608.47
401.314
572.513
849.177
500.108
528.278
414.991
351.956
532.763
440.283
572.216
593.575
430.575
304.046
476.112
660.563
6862.61
349.88
6548.64
338.958
600.82
471.403
461.363
660.354
600.227
540.604
814.573
640.16
704.461
603.316
352.691
560.007
391.631
729.431
407.382
597.55
584.946
530.203
760.377
547.452
559.542
339.709
