1.17968
0.761261
0.741241
1.402903
0.598098
1.0385385
1.114615
1.0285285
1.365866
0.633133
0.9874875
1.248749
0.512012
1.200701
1.214715
0.612112
0.823323
0.9544545
1.122623
0.78028
1.0675676
1.142643
1.373874
1.145646
1.205706
0.99149149
1.381882
1.0545546
1.208709
0.9894895
1.337838
1.43994
1.316817
0.533033
1.351852
0.685185
1.461962
0.9954955
1.31982
1.0945946
0.777277
1.417918
1.258759
1.340841
1.0525526
1.40991
1.106607
1.264765
1.0855856
1.485986
1.0825826
1.0155155
0.815315
1.210711
1.257758
0.895395
1.315816
1.481982
1.206707
1.00650651
1.252753
0.9774775
1.432933
1.0305305
1.270771
1.137638
1.154655
0.9154154
1.187688
0.9974975
0.9144144
1.320821
1.25976
0.9624625
0.574074
0.864364
0.631131
0.649149
0.9254254
0.9984985
0.817317
1.160661
1.262763
1.421922
0.778278
0.601101
1.173674
0.747247
1.435936
1.0875876
1.0445445
1.483984
0.811311
1.441942
0.9404404
0.99449449
1.322823
0.65015
0.79029
1.10961
1.0335335
1.466967
1.33984
1.0975976
0.618118
1.482983
0.606106
1.345846
0.542042
1.227728
0.77027
1.405906
1.295796
1.3999
1.486987
0.9744745
1.280781
1.0645646
0.784284
0.597097
1.0835836
0.9754755
0.872372
1.201702
1.0135135
1.343844
0.861361
1.325826
1.265766
0.544044
1.391892
1.484985
1.0815816
1.0565566
0.99049049
1.207708
1.430931
1.497998
1.278779
1.274775
1.0485485
1.423924
1.390891
1.194695
1.400901
0.9484484
0.897397
1.472973
1.450951
1.0595596
1.165666
1.392893
1.215716
0.822322
1.333834
1.261762
1.178679
1.0915916
1.0905906
1.414915
1.331832
0.551051
1.298799
1.148649
1.141642
1.107608
0.825325
0.831331
1.232733
1.491992
1.266767
1.361862
1.436937
1.357858
1.463964
0.9644645
0.515015
1.128629
0.828328
1.157658
0.9174174
0.681181
0.51001
1.5
1.113614
1.308809
1.111612
1.304805
1.356857
1.425926
1.0785786
1.221722
0.692192
1.228729
1.28979
1.457958
1.0925926
1.190691
0.698198
0.9654655
1.245746
0.718218
1.134635
0.83033
1.455956
1.255756
1.166667
1.326827
1.103604
1.496997
1.181682
1.415916
1.388889
1.42993
0.857357
1.22973
1.41992
1.184685
1.307808
1.488989
1.0165165
1.305806
1.334835
1.395896
0.9434434
0.657157
1.45996
1.480981
1.464965
1.116617
0.9784785
0.752252
1.422923
1.144645
1.352853
1.13964
1.147648
1.32983
0.738238
1.347848
1.47998
1.438939
1.136637
1.0405405
0.557057
1.100601
1.152653
1.12963
0.748248
0.87037
0.513013
1.336837
1.493994
1.452953
1.335836
0.832332
1.371872
1.1997
1.284785
0.532032
1.0655656
1.243744
1.118619
1.242743
1.445946
1.475976
1.473974
1.251752
0.9284284
0.814314
1.247748
1.0555556
0.88038
1.0175175
1.341842
1.212713
1.34985
1.186687
1.117618
0.674174
1.230731
1.0705706
1.0965966
0.9674675
1.0615616
0.785285
1.301802
1.0325325
0.678178
1.408909
1.377878
0.805305
0.9964965
0.826326
0.9074074
1.131632
1.477978
1.387888
1.177678
0.799299
0.9104104
1.170671
1.0455455
0.887387
0.764264
0.642142
0.716216
1.401902
1.226727
0.9714715
1.344845
0.568068
1.454955
1.185686
1.327828
1.172673
1.0505506
1.413914
1.273774
1.418919
0.71021
1.470971
1.102603
1.444945
0.824324
1.313814
1.0145145
0.625125
0.503003
0.628128
1.407908
0.666166
0.583083
1.110611
1.374875
1.290791
1.453954
1.161662
1.15966
0.59009
1.277778
1.36987
1.382883
1.30981
0.554054
1.202703
1.218719
1.494995
0.86036
1.0465465
1.0995996
0.773273
1.204705
1.244745
0.57007
0.802302
0.648148
0.876376
0.575075
1.35986
0.526026
1.198699
1.317818
1.163664
1.468969
1.225726
0.7002
0.9804805
0.596096
1.420921
1.324825
1.108609
1.0625626
1.378879
1.112613
0.755255
1.213714
1.358859
0.689189
0.879379
1.293794
0.819319
1.20971
0.54004
1.427928
1.138639
1.26977
1.397898
0.888388
0.892392
0.537037
1.332833
1.241742
1.180681
0.525025
0.644144
1.0935936
1.151652
0.567067
1.416917
1.0795796
1.398899
1.0765766
0.599099
1.328829
0.502002
0.624124
1.272773
1.406907
0.668168
0.739239
1.306807
1.478979
1.150651
1.125626
0.81031
1.0345345
0.838338
0.9004004
1.0605606
0.855355
1.287788
1.11962
1.164665
1.127628
0.9034034
0.795295
0.885385
0.9834835
0.58008
1.158659
0.724224
1.424925
1.375876
0.522022
0.713213
1.393894
0.543043
1.271772
1.443944
0.691191
1.16967
0.9374374
1.0845846
1.451952
1.294795
1.268769
1.372873
0.9764765
1.188689
1.370871
1.0105105
1.143644
1.300801
0.793293
1.0495495
0.788288
0.594094
0.85035
1.495996
0.9604605
1.21972
1.197698
1.2998
1.38989
1.174675
1.288789
1.37988
1.235736
0.9304304
0.781281
1.323824
0.572072
1.442943
1.123624
1.0355355
1.394895
0.582082
0.519019
0.581081
0.645145
0.9814815
0.9044044
1.223724
1.233734
0.6001
0.801301
1.0235235
0.72022
0.712212
0.754254
1.133634
0.64014
1.140641
1.350851
0.585085
0.62012
1.297798
0.9704705
1.447948
0.9684685
1.0015015
1.195696
1.192693
0.858358
0.806306
1.283784
0.727227
0.564064
1.285786
1.191692
1.282783
0.896396
0.5
0.719219
1.263764
0.9114114
1.490991
0.9854855
1.0225225
1.182683
0.874374
1.440941
1.467968
0.82032
0.845345
1.27978
0.842342
1.362863
1.292793
1.0805806
1.0315315
0.587087
0.627127
0.893393
0.561061
0.715215
0.9534535
1.492993
1.0215215
0.839339
0.9024024
1.0695696
1.303804
0.789289
0.641141
1.220721
1.426927
1.0375375
1.385886
1.456957
0.9584585
1.366867
0.9064064
0.569069
0.882382
0.708208
1.411912
0.9164164
1.291792
0.898398
0.613113
0.816316
0.827327
1.0195195
0.704204
0.653153
0.798298
0.725225
0.734234
0.797297
0.742242
0.9394394
0.555055
0.697197
0.722222
0.671171
0.63013
1.465966
0.646146
0.733233
0.576076
0.661161
0.67017
0.546046
1.0425425
0.589089
0.637137
1.0955956
0.688188
1.246747
1.410911
1.0185185
0.565065
1.355856
0.894394
1.196697
0.875375
0.514014
1.105606
0.711211
0.636136
1.354855
0.607107
0.859359
0.669169
0.506006
0.665165
0.862362
0.69019
0.547047
1.0515516
0.835335
0.584084
0.9514515
0.9274274
0.843343
1.0575576
0.73023
1.156657
0.899399
1.498999
0.768268
0.9354354
1.121622
1.0985986
0.743243
0.684184
1.376877
0.865365
0.501001
1.0535536
0.783283
0.635135
0.851351
0.683183
0.89039
1.353854
0.794294
1.0115115
1.487988
0.667167
1.348849
0.714214
0.736236
1.458959
0.9124124
1.126627
0.852352
0.523023
1.360861
0.76026
0.737237
0.579079
1.44995
0.655155
0.782282
1.168669
0.699199
0.677177
0.731231
0.529029
1.162663
0.813313
0.883383
0.703203
0.863363
0.787287
0.849349
0.536036
0.686186
1.302803
0.705205
0.9054054
0.9574575
1.363864
1.434935
1.0895896
0.647147
1.24975
1.330831
0.867367
1.0585586
0.651151
0.749249
0.726226
0.672172
0.675175
0.9694695
1.18969
1.0415415
0.869369
0.562062
1.216717
1.0865866
0.539039
0.868368
1.253754
0.654154
0.604104
0.511011
0.881381
0.9664665
0.592092
1.428929
0.9244244
1.433934
0.791291
0.521021
0.626126
1.175676
0.8003
0.9594595
0.766266
0.694194
0.9364364
0.769269
0.9184184
0.757257
1.403904
1.462963
1.14965
1.312813
0.9634635
1.364865
1.0395395
0.9314314
0.673173
0.759259
0.638138
0.608108
0.586086
0.834334
1.0685686
1.234735
0.617117
0.687187
0.99349349
0.745245
1.23974
0.528028
0.779279
1.314815
0.9134134
1.446947
0.856356
0.602102
0.846346
1.0715716
0.509009
1.240741
1.120621
1.460961
0.616116
0.9844845
1.238739
1.256757
1.0665666
0.578078
0.765265
0.623123
0.771271
0.56006
1.384885
0.829329
1.104605
0.517017
0.84034
0.744244
0.545045
0.9344344
1.146647
1.0745746
0.729229
1.236737
0.809309
0.9334334
0.679179
0.619119
0.99249249
1.342843
1.281782
0.656156
0.9204204
1.167668
1.48999
1.222723
1.310811
0.609109
0.9444444
1.346847
0.605105
1.130631
1.0775776
0.9454454
0.558058
1.132633
1.217718
0.632132
0.9194194
0.622122
1.211712
1.171672
0.702202
0.818318
0.821321
0.756256
1.0245245
0.717217
0.603103
0.9794795
1.0205205
0.621121
0.9724725
0.873373
0.844344
0.571071
0.507007
1.46997
0.541041
1.448949
1.321822
0.74024
0.556056
0.786286
0.505005
1.153654
0.9884885
0.753253
0.848348
0.629129
1.311812
0.549049
1.296797
0.9264264
0.527027
0.707207
0.634134
1.318819
0.577077
0.837337
1.231732
0.751251
0.9464464
1.00550551
0.553053
0.709209
0.573073
0.866366
0.535035
0.552052
0.534034
1.286787
0.639139
1.0265265
1.0365365
0.662162
0.61011
1.367868
0.615115
0.804304
0.854354
0.559059
0.693193
1.0275275
1.0035035
1.404905
1.237738
0.504004
0.55005
0.658158
1.267768
1.203704
0.9294294
0.696196
1.0435435
1.250751
0.518018
1.412913
0.763263
1.380881
1.0025025
1.0255255
1.383884
0.614114
0.746246
1.386887
1.0735736
1.471972
0.508008
0.701201
0.9614615
0.9094094
0.664164
1.437938
0.695195
1.396897
0.889389
1.00850851
0.9424424
0.758258
1.0635636
0.833333
0.682182
1.0725726
0.52002
0.9084084
0.524024
1.115616
0.9014014
0.732232
0.853353
0.792292
1.224725
1.00950951
0.9324324
0.9504505
1.183684
0.775275
0.796296
0.652152
0.886386
0.772272
1.0045045
1.135636
1.368869
0.807307
1.124625
0.9474474
0.9864865
1.101602
1.431932
0.9524525
0.728228
0.53003
0.588088
0.706206
0.999499499
0.9564565
0.538038
0.774274
0.593093
0.871371
0.548048
0.884384
0.776276
1.254755
0.643143
0.721221
0.566066
1.275776
0.808308
0.9224224
0.9824825
0.812312
0.75025
0.767267
1.193694
0.9554555
0.663163
0.9234234
1.260761
0.891391
0.878378
0.676176
0.611111
0.847347
0.735235
1.000500501
1.00750751
0.68018
0.516016
0.803303
1.0295295
1.474975
0.563063
1.476977
0.531031
0.9494494
0.723223
0.762262
1.0885886
1.0475475
0.841341
1.276777
1.0755756
1.176677
0.9384384
0.591091
0.9414414
0.66016
1.155656
0.659159
1.0125125
0.9734735
0.836336
1.338839
0.877377
0.9214214
0.595095