0	0.0191559	0.555537
0.01	0.0211862	0.563471
0.02	0.10496	0.571405
0.03	0.532226	0.581114
0.04	0.592735	0.591007
0.05	0.601673	0.601308
0.06	0.610352	0.611846
0.07	0.622096	0.622515
0.08	0.633882	0.632879
0.09	0.644573	0.644167
0.1	0.657278	0.657781
0.11	0.669288	0.669001
0.12	0.682863	0.682556
0.13	0.695977	0.695422
0.14	0.710377	0.708973
0.15	0.724258	0.724318
0.16	0.740421	0.740175
0.17	0.755632	0.755361
0.18	0.772221	0.771688
0.19	0.790055	0.788809
0.2	0.806613	0.807394
0.21	0.826507	0.826463
0.22	0.846027	0.845825
0.23	0.866733	0.866866
0.24	0.888574	0.888566
0.25	0.909802	0.909785
0.26	0.922077	0.922077
0.27	0.930964	0.930964
0.28	0.937988	0.937988
0.29	0.943767	0.943767
0.3	0.948638	0.948638
0.31	0.952813	0.952813
0.32	0.956438	0.956438
0.33	0.959618	0.959618
0.34	0.96243	0.96243
0.35	0.964935	0.964935
0.36	0.967179	0.967179
0.37	0.9692	0.9692
0.38	0.971028	0.971028
0.39	0.97269	0.97269
0.4	0.974205	0.974205
0.41	0.975592	0.975592
0.42	0.976865	0.976865
0.43	0.978037	0.978037
0.44	0.979118	0.979118
0.45	0.980119	0.980119
0.46	0.981047	0.981047
0.47	0.981909	0.981909
0.48	0.982712	0.982712
0.49	0.983461	0.983461
0.5	0.98421	0.984162
0.51	0.984959	0.984863
0.52	0.985708	0.985564
0.53	0.986457	0.986265
0.54	0.987206	0.986966
0.55	0.987955	0.987667
0.56	0.988704	0.988368
0.57	0.989453	0.989069
0.58	0.990202	0.98977
0.59	0.990951	0.990471
0.6	0.9917	0.991172
0.61	0.992449	0.991873
0.62	0.993198	0.992574
0.63	0.993947	0.993275
0.64	0.994696	0.993275
0.65	0.994696	0.993275
0.66	0.994696	0.993275
0.67	0.994696	0.993275
0.68	0.994696	0.993275
0.69	0.994696	0.993275
0.7	0.994696	0.993275
0.71	0.994696	0.993275
0.72	0.994696	0.993275
0.73	0.994696	0.993275
0.74	0.994696	0.993275
0.75	0.994696	0.993275
0.76	0.994696	0.993275
0.77	0.994696	0.993275
0.78	0.994696	0.993275
0.79	0.994696	0.993275
0.8	0.994696	0.993275
0.81	0.994696	0.993275
0.82	0.994696	0.993275
0.83	0.994696	0.993275
0.84	0.994696	0.993275
0.85	0.994696	0.993275
0.86	0.994696	0.993275
0.87	0.994696	0.993275
0.88	0.994696	0.993275
0.89	0.994696	0.993275
0.9	0.994696	0.993275
0.91	0.994696	0.993275
0.92	0.994696	0.993275
0.93	0.994696	0.993275
0.94	0.994696	0.993275
0.95	0.994696	0.993275
0.96	0.994696	0.993275
0.97	0.994696	0.993275
0.98	0.994696	0.993275
0.99	0.994696	0.993275
1	0.994696	0.993275
1.01	0.994696	0.993275
1.02	0.994696	0.993275
1.03	0.994696	0.993275
1.04	0.994696	0.993275
1.05	0.994696	0.993275
1.06	0.994696	0.993275
1.07	0.994696	0.993275
1.08	0.994696	0.993275
1.09	0.994696	0.993275
1.1	0.994696	0.993275
1.11	0.994696	0.993275
1.12	0.994696	0.993275
1.13	0.994696	0.993275
1.14	0.994696	0.993275
1.15	0.994696	0.993275
1.16	0.994696	0.993275
1.17	0.994696	0.993275
1.18	0.994696	0.993275
1.19	0.994696	0.993275
1.2	0.994696	0.993275
1.21	0.994696	0.993275
1.22	0.994696	0.993275
1.23	0.994696	0.993275
1.24	0.994696	0.993275
1.25	0.994696	0.993275
1.26	0.994696	0.993275
1.27	0.994696	0.993275
1.28	0.996696	0.995275
1.29	0.996696	0.995275
1.3	0.996696	0.995275
1.31	0.996696	0.995275
1.32	0.996696	0.995275
1.33	0.996696	0.995275
1.34	0.996696	0.995275
1.35	0.996696	0.995275
1.36	0.996696	0.995275
1.37	0.996696	0.995275
1.38	0.996696	0.995275
1.39	0.996696	0.995275
1.4	0.996696	0.995275
1.41	0.996696	0.995275
1.42	0.996696	0.995275
1.43	0.996696	0.995275
1.44	0.996696	0.995275
1.45	0.996696	0.995275
1.46	0.996696	0.995275
1.47	0.996696	0.995275
1.48	0.996696	0.995275
1.49	0.996696	0.995275
1.5	0.996696	0.995275
1.51	0.996696	0.995275
1.52	0.996696	0.995275
1.53	0.996696	0.995275
1.54	0.996696	0.995275
1.55	0.996696	0.995275
1.56	0.996696	0.995275
1.57	0.996696	0.995275
1.58	0.996696	0.995275
1.59	0.996696	0.995275
1.6	0.996696	0.995275
1.61	0.996696	0.995275
1.62	0.996696	0.995275
1.63	0.996696	0.995275
1.64	0.996696	0.995275
1.65	0.996696	0.995275
1.66	0.996696	0.995275
1.67	0.996696	0.995275
1.68	0.996696	0.995275
1.69	0.996696	0.995275
1.7	0.996696	0.995275
1.71	0.996696	0.995275
1.72	0.996696	0.995275
1.73	0.996696	0.995275
1.74	0.996696	0.995275
1.75	0.996696	0.995275
1.76	0.996696	0.995275
1.77	0.996696	0.995275
1.78	0.996696	0.995275
1.79	0.996696	0.995275
1.8	0.997696	0.997275
1.81	0.997696	0.997275
1.82	0.997696	0.997275
1.83	0.997696	0.997275
1.84	0.997696	0.997275
1.85	0.997696	0.997275
1.86	0.997696	0.997275
1.87	0.997696	0.997275
1.88	0.997696	0.997275
1.89	0.997696	0.997275
1.9	0.997696	0.997275
1.91	0.997696	0.997275
1.92	0.997696	0.997275
1.93	0.997696	0.997275
1.94	0.997696	0.997275
1.95	0.997696	0.997275
1.96	0.997696	0.997275
1.97	0.997696	0.997275
1.98	0.997696	0.997275
1.99	0.997696	0.997275
2	0.997696	0.997275
2.01	0.997696	0.997275
2.02	0.997696	0.997275
2.03	0.997696	0.997275
2.04	0.997696	0.997275
2.05	0.997696	0.997275
2.06	0.997696	0.997275
2.07	0.997696	0.997275
2.08	0.997696	0.997275
2.09	0.997696	0.997275
2.1	0.997696	0.997275
2.11	0.997696	0.997275
2.12	0.997696	0.997275
2.13	0.997696	0.997275
2.14	0.997696	0.997275
2.15	0.997696	0.997275
2.16	0.997696	0.997275
2.17	0.997696	0.997275
2.18	0.997696	0.997275
2.19	0.997696	0.997275
2.2	0.997696	0.997275
2.21	0.997696	0.997275
2.22	0.997696	0.997275
2.23	0.997696	0.997275
2.24	0.997696	0.997275
2.25	0.997696	0.997275
2.26	0.997696	0.997275
2.27	0.997696	0.997275
2.28	0.997696	0.997275
2.29	0.997696	0.997275
2.3	0.997696	0.997275
2.31	0.997696	0.997275
2.32	0.997696	0.997275
2.33	0.997696	0.997275
2.34	0.997696	0.997275
2.35	0.997696	0.997275
2.36	0.997696	0.997275
2.37	0.997696	0.997275
2.38	0.997696	0.997275
2.39	0.997696	0.997275
2.4	0.997696	0.997275
2.41	0.997696	0.997275
2.42	0.997696	0.997275
2.43	0.997696	0.997275
2.44	0.997696	0.997275
2.45	0.997696	0.997275
2.46	0.997696	0.997275
2.47	0.997696	0.997275
2.48	0.997696	0.997275
2.49	0.997696	0.997275
2.5	0.997696	0.997275
2.51	0.997696	0.997275
2.52	0.997696	0.997275
2.53	0.997696	0.997275
2.54	0.997696	0.997275
2.55	0.997696	0.997275
2.56	0.997696	0.997275
2.57	0.997696	0.997275
2.58	0.997696	0.997275
2.59	0.997696	0.997275
2.6	0.997696	0.997275
2.61	0.997696	0.997275
2.62	0.997696	0.997275
2.63	0.997696	0.997275
2.64	0.997696	0.997275
2.65	0.997696	0.997275
2.66	0.997696	0.997275
2.67	0.997696	0.997275
2.68	0.997696	0.997275
2.69	0.997696	0.997275
2.7	0.997696	0.997275
2.71	0.997696	0.997275
2.72	0.997696	0.997275
2.73	0.997696	0.997275
2.74	0.997696	0.997275
2.75	0.997696	0.997275
2.76	0.997696	0.997275
2.77	0.997696	0.997275
2.78	0.997696	0.997275
2.79	0.997696	0.997275
2.8	0.997696	0.997275
2.81	0.997696	0.997275
2.82	0.997696	0.997275
2.83	0.997696	0.997275
2.84	0.997696	0.997275
2.85	0.997696	0.997275
2.86	0.997696	0.997275
2.87	0.997696	0.997275
2.88	0.997696	0.997275
2.89	0.997696	0.997275
2.9	0.997696	0.997275
2.91	0.997696	0.997275
2.92	0.997696	0.997275
2.93	0.997696	0.997275
2.94	0.997696	0.997275
2.95	0.997696	0.997275
2.96	0.997696	0.997275
2.97	0.997696	0.997275
2.98	0.997696	0.997275
2.99	0.997696	0.997275
3	0.997696	0.997275
