-0.3858012507821452
0.33537905610401963
0.2010712120615299
-0.38194450558031146
0.09008351492572886
0.23183081925075633
-0.26971358015097646
-0.19980736983890668
0.23030697637866215
-0.4054943683211487
-0.28331005542710763
0.3389022011263494
0.07569358998002895
0.10600582174520301
-0.29680647341111555
0.11597259476786803
0.26581111500900845
-0.4371713259698927
0.24788252366949348
0.49186283580837475
-0.24919375126807186
0.11267373573621353
0.0990239380484581
0.3252346918184629
-0.010070543642533125
-0.19623448265656374
0.20708069098640525
-0.18866066372418822
0.3486196800738639
0.22652207993113804
0.3282492626790531
-0.05804201775020057
-0.06859236371214494
0.2643728158730335
-0.37328556021255166
-0.4388737847264006
0.4951488131049351
-0.08356989795822511
-0.09538180424427489
-0.3648630920466128
-0.016499726940583437
-0.025949980377853343
0.3515219226847034
-0.13370897552747085
-0.3658346931351184
0.009899473724408803
0.0014987814953230094
0.23410893692502022
-0.23075767485480414
0.40940480284827385
0.41590240621796437
0.0008337208102522364
-0.47870728560109854
-0.02814450404994029
-0.3834536866436099
0.27281081832141885
0.23131374661339787
0.112556998080518
0.459767196433976
-0.39407073474044196
0.05072068906729943
-0.4254701484724459
-0.05272419971143372
0.4518895392416613
0.3984844874446464
-0.008579103072138938
0.06455330991194141
0.09785318390871023
0.3986605160478778
-0.15240802137322562
0.35453479702559876
-0.32359089838225386
0.43151070998125773
-0.36398557935439413
-0.4952404784655017
0.30518985974858226
0.2273411974261519
0.2170678217191746
0.24583774500825828
-0.270447186194263
0.4207077886367748
-0.1258984556964461
0.2928603910907164
0.3438097004732946
0.06166115920385706
0.1178092818076657
0.3924496511378657
-0.1566390689537328
-0.0022249613576583727
0.3846527950365253
-0.37328422687024465
0.000530158324269947
0.2577399076011173
-0.08152408090079277
0.3655845876745467
0.23592944681940398
-0.07261671086674693
-0.01624021777355611
0.17593891928751781
0.42213591261786876
-0.43465482544418477
0.14376270099838095
0.4116178496419506
-0.06630783637821347
-0.2977655567982779
0.44000628382281903
0.34647470147947523
-0.18128988147116554
0.45030816782757044
-0.38926705713640986
0.4144645767313343
-0.4611449303248786
-0.4846440004837693
-0.47570378901224686
0.3391824170722709
0.451502383704543
-0.03376047411445682
0.10040694832972086
-0.3495119990084409
0.07674097479026154
0.3276105721427739
-0.20456770845205385
-0.2836888033321834
0.02619670521462858
-0.16488376093928647
-0.3960763080122407
0.05716550926563213
0.472814901620219
-0.12172509828901379
-0.30026445274649927
-0.16958822912737903
0.4862361799610989
-0.25077127908216157
-0.17571487702030963
0.1207062878627877
-0.037390389196756746
-0.3304141774952346
-0.3157806246073176
0.21422435250054594
0.09081008531312895
-0.44446205464376143
-0.3576374311942727
0.1145478656873179
-0.005367575646682665
-0.2922354801842073
0.46774177329324407
-0.3828712837101541
-0.15184044900617455
-0.3787557289606789
-0.250685949881738
-0.20182146437459736
0.32850579679626335
-0.4042459083085328
0.4210492127584111
-0.46021926011698333
0.2491729720183431
-0.010913968736813162
0.49512831228584187
0.1027551245849675
-0.13621454027298807
0.09094938521540885
-0.25858282023902834
-0.37831396671632556
0.06090791064993384
0.4926613532053623
-0.20059210541998818
0.050429923928585585
-0.4143776629043484
0.13923339936547907
-0.018512343609780935
0.06987191075948906
-0.0700832459727132
0.29339360467002795
-0.3620610126464173
0.17697080516525188
0.3897013867002952
0.3516339455617076
0.21880303660186629
-0.49412918425315167
-0.47778183629775384
0.1593611249596043
0.47138570408802016
0.47157156214787177
0.4896547038500756
-0.0867113687414598
-0.23235643516210513
0.45468057716951316
-0.3153530287385189
-0.24790337791681605
-0.47143272015741866
0.3755460112724106
0.3545729816849965
-0.35835951612073114
-0.1946113018671196
0.42856769576084786
0.3120772292591807
-0.40016830249236557
-0.29851723854239
0.17682023195395635
0.04759353580380188
0.040151528360663935
0.346269684693413
-0.47947740214151635
-0.33794394557402707
-0.3678531791148929
-0.14075629268561507
-0.43822732528464947
-0.21900240044036745
-0.2948080574589853
0.29895729286352635
-0.43340869297984275
0.29027936959130785
-0.2667949138411613
-0.4770978458075098
0.11370450205552718
-0.46724389672710775
0.35263014657789815
0.42946568602812885
0.0523635538936672
0.15745711553723618
0.47799472582258495
-0.3615840285398477
0.0412991584139325
-0.04662824946091748
0.3584631030210542
-0.05208297429577924
-0.41696681372039757
-0.039517094152427434
-0.21037515102727855
-0.1428428326077813
0.3296870713692184
-0.12566498839257567
0.050301781636573395
-0.40854934228026374
-0.43381536873471316
0.017345496038408514
0.4930701073297997
-0.47317122990928917
-0.38976572888137795
-0.1332750773736202
-0.33428878955060193
0.19125503331610227
0.0930549124158323
0.4054057171001124
-0.3947364783427695
0.38634456071403367
0.42273009877881407
0.42128174298759435
0.33171803816568457
0.42133846641100725
0.38383937054125317
-0.31632806243759237
0.10445169348463035
0.18334739014522716
0.025404837982882955
0.022839014999489926
-0.28190663629909174
-0.2690947052662428
0.20810289640091084
0.2515557182221211
-0.2495332709941085
-0.48921799303268243
-0.10510894147094463
0.48967344066711993
-0.007315291420081138
-0.01565046604794751
-0.46958459511379136
0.16133649134195927
-0.3485159853023324
-0.25349947685935226
-0.06152787028007023
-0.23773232926224386
0.4527608576136555
0.25446554897941664
-0.4687771575230869
0.09591908268185334
-0.448046034025791
0.46854673290541227
-0.12483651672563068
-0.04099582219369435
-0.29244165313182435
-0.48877899530934454
0.3028453321204907
-0.21779416908662708
0.44225408510214703
-0.04279829773074717
0.2804906613679662
0.12863986018221985
0.44236984758600206
0.3091365408779275
-0.47519809822222747
-0.485435264382578
-0.49909909380759065
-0.3493076208363868
-0.19378047358334227
-0.12654045316120488
0.24510979698192736
-0.061932707502623696
-0.3305926170748621
-0.12022904192252504
-0.27706942581739713
0.49821065575069223
0.2529955483605426
-0.46851874312208963
0.14313731407580366
-0.40771918647902283
0.4570568552074562
-0.3909265797434327
-0.35928808453203864
-0.37810221334820104
0.2257911418378561
0.17656586022689258
0.11894010055072435
-0.41235742842329093
-0.4635469565822582
-0.42423446756075567
0.09734997651750377
-0.08470072321243183
-0.12155807185152878
-0.03935616857077984
0.3732831506604152
0.2502238779544079
0.42172276461105296
0.3605006085134381
0.18019320466819466
-0.1877931882758812
-0.2817681795184218
-0.022767989610401718
-0.24578351904145668
0.022170752073976785
0.3380476407470664
-0.2114122243753923
0.4645903921410772
0.4514558811550372
0.24669020702939937
0.32343843397197736
-0.26076123787416283
0.4894027637639692
0.07516533022059091
0.27824641760408764
-0.13006180270281942
-0.20618677954833375
-0.4348193951713497
-0.42250804660453223
-0.41465741368654396
0.12238313568944759
-0.22893909351664132
0.029279174751901782
0.29553343493885886
-0.1535008731159453
-0.23269739212296536
-0.05155725997950589
0.27701839333023703
-0.03518841528864336
0.13425315825502926
0.3503536785772111
0.009013264446638303
0.4570917495746212
-0.16645017639961324
-0.4726934165896619
-0.12541924639167557
0.40071235401242
0.2560853780977136
0.12072292384886063
-0.19033171765051282
0.32171892464329543
-0.32835909797052143
-0.47916522607996326
-0.2205108901959334
0.29113155830376425
-0.3254544427202636
0.2063053458641605
0.044114528924352525
-0.3711839620896292
-0.2462069922260932
0.12202527831354015
-0.23157853623237634
-0.25414427999524447
0.21651020583046143
0.09509168198210205
-0.03805271391549714
0.3295534777373349
0.0877259781906472
0.13609481423676606
-0.4758375124627796
-0.391115590406388
-0.35001865035333646
-0.10269378354116909
-0.15236754295154886
0.39094112305301265
0.24876731400181973
-0.09191385338487545
-0.49019163091607054
-0.41426541112410775
0.15408277733115383
-0.0029325577782691736
-0.14539853708696582
0.10466255759252696
-0.33641919393891695
-0.4670770189317057
0.16497116731630412
0.27370404520394176
0.00741585981233861
-0.2539657967389317
-0.3486492393965265
0.1168237637439774
0.4299877828175227
0.29744466840463235
0.45539878630836117
0.18624380949729058
0.2573456428621428
0.3608459068734321
-0.09878086465009361
-0.043771387864042555
0.3634759089956515
0.3607780095204055
-0.3442796533976361
0.30688317977753754
-0.29914678528530947
-0.38123499395901905
-0.2708810673482477
-0.48565628805762906
-0.31465730167404493
-0.06524284577876327
0.1898153561118091
-0.17483613829424727
0.4680676893876916
-0.2520632698847709
-0.44718610986799145
-0.4627696765918241
-0.41328122922969235
-0.25953348760995576
-0.22254382449259236
-0.382157271075078
0.2121513678919028
-0.3307497406789046
-0.49250064747826217
-0.21553923330050773
0.3223167404875855
0.16006272214555217
0.17670359181304118
0.14684011842001088
-0.4204496427932972
-0.15205438796450665
-0.17877628193155937
0.25791294480791827
-0.11793145515020342
-0.2643720935462035
-0.12106016621898419
0.17217272648792348
0.11200102328126249
0.49095130575646206
0.03973971285496414
-0.20680821003763616
-0.12173033250863596
-0.13696878481382735
0.26840976513495707
-0.027771932500037733
-0.37354070618962987
-0.48857852845319705
-0.31998193264728825
0.4819943163377485
0.021764554771842692
0.18791349245201894
0.05000876500904339
-0.21538700486130402
0.316074742010791
-0.14552044317557
0.38363372589558786
0.31244195874464165
-0.2310471715236021
-0.02682310500953977
0.24288936788797943
0.44320299930420937
-0.2836062835257408
0.11541341814969752
-0.2204752124824979
0.0763463873490523
0.41217060752239076
0.4684584374875631
0.40583214963782777
0.46958134440999033
-0.2825389278452467
0.1395044385968106
-0.14670066691300465
-0.17658120304715474
0.21441218048815958
0.38302334895124746
0.32000669219381417
0.0483095570868195
-0.3421253975957602
-0.35110666532306944
0.3382151323751299
-0.10878519267125197
0.262999000416583
0.014995692172721453
-0.030493993626720117
0.3762199480749967
-0.13224026460886518
0.04677685195873116
0.050117080338957565
0.291186141598756
0.041430692069708175
0.33689206103362435
-0.4391397098091607
0.34425709241814917
0.02027753651676445
0.412563663957374
-0.13998527214772538
-0.2101864246829903
0.30474417907879847
-0.1770794787633032
-0.49606842402993623
0.13932072600171008
-0.18920362075624964
-0.49148001797888186
-0.16642107580524357
-0.3669815218209125
-0.0264521531224281
0.1919758039218814
-0.4250175750280044
0.01765223529196691
-0.08293426985242724
0.07240579597750807
0.32073189471582486
0.414603439032571
-0.08215203457054143
-0.48201939930095283
0.08536546729297345
-0.4162312536506332
0.13500343428308814
-0.09050211151382459
0.47523462293029706
-0.2188297304455734
-0.014931980992845872
0.11293617329951178
-0.028659035549677636
0.420569321031103
0.2225199191383186
0.192020248844314
-0.1294619127891895
-0.06398268671398288
0.09260809987928209
0.08931328300429986
0.415831147569784
-0.23988457221895365
0.3597397706172907
0.4551015658639165
0.3673986987520944
-0.24657886304679866
0.22347862433670518
-0.40069891239860667
0.3941503349504146
0.39682529727544635
-0.3951847827366882
-0.20328560835888942
-0.12558972467224083
0.04223734116888511
0.14865684084350117
-0.14268065385411854
0.3883902088978811
-0.4725661404510614
-0.11718158044459859
0.018129784220408007
-0.2809233779554837
0.3025494377406358
-0.13239170094947283
0.19743586813070158
0.45238837877477145
-0.48226013209867946
0.4314428861284656
0.24397421413586506
0.16226106866236567
0.33162439722356296
-0.4731345035668567
-0.3977409102675291
0.2867229454058181
0.12943365652458294
0.23012045407010706
-0.22194420486332034
-0.4112751882100766
-0.1209600206289485
-0.3579141723419783
0.2882064793643455
0.26433427806080456
-0.21011429406772686
0.1584703894756535
0.3787666371016871
-0.04123168054409143
0.07394789998506535
-0.4538570703920979
-0.14687533297686595
-0.277827871514305
-0.29076455549945857
0.0038099320094021616
-0.28815055647217913
0.34768028345046087
-0.017980546712725975
-0.47857606197363856
0.0024099129057322255
0.08619443033088958
0.49390529622406043
-0.1967086650216705
-0.07851188058531111
-0.0022655761869744273
-0.13201719655516642
-0.32558227801018513
0.02772370646906963
-0.09149175712403146
0.2807726731098731
-0.2768035010376614
-0.38866008349353665
0.1097411348045203
-0.49682183553958525
0.41362922446944206
-0.26539796060061616
0.1637510102952242
-0.4404985059556219
0.24941536298058975
-0.11899206206604263
0.3100173247525605
0.2344096371452442
0.33989754933516747
-0.13128690786813968
0.16360011130376395
0.1595470055383298
-0.16077641864819736
0.08496727748523325
0.28790860251542727
-0.33739217595391346
-0.4536279192684486
0.028443623533859208
-0.008084222074889569
0.2541848468101263
-0.17793059776345743
-0.1159394363087155
0.1631265332726246
-0.22955934281935964
-0.035659203027349595
-0.34781604476973416
-0.013259304093226287
0.05025582111546745
0.2097795057395756
-0.3430842607264102
-0.24340719635945418
-0.16287620402226866
0.429399531392892
-0.23515289780056803
0.06610127880149252
-0.2587350888454826
0.19851630774921925
0.2616907054060481
-0.37089697196995286
-0.12680070311193037
-0.20630120821057774
-0.35249572039837973
-0.2989654395956821
0.15749412723380718
-0.0007424292883198014
0.16412326049325843
-0.22604448178259928
0.09210284911230482
-0.21864029508931626
0.340124327028716
0.3732534883752777
0.18954973940479636
-0.19496204113413607
0.3256204814940791
-0.04406692212563934
-0.17454996600672235
0.4676238626328302
-0.11050967010984569
-0.009706582098464644
-0.12967601126210504
0.17367248402471158
-0.22747889732367588
-0.2772169702364713
0.052417439632473584
-0.21411218394842457
-0.36694567748722684
0.2606938487903433
0.1543947575958451
-0.17993024226173393
0.16560152591425015
0.26452431295340506
0.26424991250024443
0.38454349446755876
-0.4436158962112984
0.3345773802358408
-0.33618386613025897
-0.4692647447207121
-0.022609416483215017
-0.30121084067643833
-0.07867306986542011
-0.2597504630584131
0.3059245254930427
0.4346290588288988
-0.30713800215357523
0.24090335709095834
0.3748048147972999
0.25453758784457636
-0.06280086416563824
-0.11707102651310619
0.09438520550085838
0.2658635198402207
0.10082547307207668
-0.4233132125389727
-0.08900947898796308
0.3090520224795571
-0.2152183066399861
-0.3167291161211333
0.1031146230823401
-0.2001244594133188
-0.08963979356527485
-0.3933099165047952
0.2521703986694256
0.29742140194848354
0.19271750000331267
-0.41595508413018367
-0.34993652442553713
-0.030604515409406563
0.05397272365016659
0.256902124579666
0.33373951861815265
-0.2025279088667975
-0.4902122265033839
0.009269985143630644
-0.17934122704035393
-0.40487219341274805
0.4280936960584848
0.10469356924742412
0.09540116831864343
-0.010059993324959327
0.2883932237731123
-0.15853500751232774
0.01783832780029082
0.14859804328885662
0.4811716336921894
0.41820849325178133
0.14288075224859398
0.4016051078479853
0.322532435613774
-0.3656144944740449
0.4743659906292751
0.4010163861349969
-0.012986759783630841
-0.4286838268826124
-0.4097365577300164
0.286066295637885
0.12422803588565856
0.1686878484696852
-0.47642916506349875
-0.27169542051085305
-0.4306621148490727
0.10447120953958378
-0.2332931854396616
-0.31932326006353806
0.12092415080910623
-0.2266281362106165
0.234372408710262
-0.057444402039115716
-0.4115260310168185
-0.2213925161156971
-0.33388943406833693
0.4606747423976162
-0.23173303476161466
0.1980350680055517
0.3963658014165269
-0.2504213034917385
0.47571846741220813
-0.2861788801601607
0.4345295162830284
-0.07422777575729922
-0.2831374321532819
0.05945819109433781
-0.38860062024135145
0.1493437051273352
0.32152133616735556
0.06446868193402056
0.0002919514421853009
-0.36617236506235473
0.20811474192760593
0.1513987368790254
-0.12497582918320382
0.23439629692377806
-0.3571805137333326
0.2009103593988718
0.10615933971328861
0.05398779361815875
0.49361403384139513
-0.33653096682089734
-0.44188647021874994
-0.014588022389546373
-0.0970301978893443
0.08140408149550638
-0.4730201210331254
-0.47613664792648036
-0.0971710749712198
-0.17344042039844354
0.2911194016976295
0.4742870216282422
-0.27260148690870345
-0.2964866539809863
0.4387110785227546
-0.2212056279506911
0.48381154670012194
0.06588779785195631
0.2381528296055384
-0.156988703354347
0.3356769021548168
-0.08742747927422201
0.16299268771750097
-0.17326863141652926
0.4496788691796588
-0.1046919813364321
0.13574736673268295
-0.2988222277114968
0.08035085781322471
0.4845173559966449
0.015134158645407458
-0.10637068787049886
-0.35085167532137085
-0.19528158775225712
0.1793444942727488
0.09061927453906615
0.2844051235447731
-0.36755900380055995
0.361638120297747
0.419774097814392
0.2891063816573465
0.31783850152489623
0.29566132878765927
-0.34849508892421266
0.49871113074076745
-0.025375696756011923
-0.010117112748503021
-0.011808166561561362
0.3072992299516458
0.09434925168410702
0.3548167524913358
-0.008926101121551455
0.1951102563507493
0.10592452970640065
0.17270207973388219
0.28911992934730124
0.017803351381833976
-0.42628209335022293
-0.11851294806472412
-0.25506813223184965
0.11033505348657735
0.14164125699433483
-0.3178041831749564
0.11510064147947019
-0.19024236816318774
0.43112410046426175
0.05654560132691322
0.08775486997518245
0.3374589121872482
0.023931571989550204
0.18919573726007488
0.1508033019258428
0.26004893193178247
-0.15605678882536034
-0.0797104111612219
0.47003122009910336
-0.08394167049514911
-0.25753929492769945
-0.2080695904904344
0.39677579446925093
-0.34989212958815874
-0.1963928273612764
0.4264552498377142
0.07855568540342883
0.41728085913015955
0.44956801176125893
0.1407857016812335
0.19238431977588866
0.31877950079197503
-0.2978991825656767
-0.16996264803649708
0.18757176927900854
0.3151539589720672
0.38195507832442277
-0.1922654893508059
-0.4526768843492963
-0.1765534617795136
0.4779655972738892
0.19904679856725227
-0.463029140798764
0.3344500647390458
0.3952319025062121
0.025450498302721503
0.23896398103002392
0.008733949565340904
-0.06073754346219373
0.4596401834699072
-0.36337213650970923
0.06933059433047917
-0.10710566367359009
-0.3933308329888008
0.30417380910727476
0.08865336129182477
-0.008618299438165833
-0.3704078630228672
-0.436190440322179
-0.15217735117742637
-0.38973292253375547
-0.04717457937696301
0.15830098992830366
0.2675581797341834
0.38384855556322683
0.24068097504339325
0.06086087884210711
0.15515796618510802
0.36282182731567614
0.35917687889120786
0.17424948674432605
0.07013168187716168
0.3433747700729509
-0.47235875464180144
-0.3096464895355606
0.06506915878668396
0.29545087623361244
-0.3415205513847588
0.08010307173027376
-0.3477378611843692
0.10437363543204226
-0.10163969829876807
-0.37742336341867033
-0.010508757631036536
0.06981243700238449
-0.44667208489444443
-0.36886679380803855
0.45044502376326245
-0.33768560807178893
-0.3434661008990576
0.46765373614965866
0.12584485199269335
0.4068946122261571
-0.001356558699543542
0.4231983693111978
0.32267382690040647
0.3134735266849583
-0.04896670994936181
-0.33081847975295653
0.12375774624322555
-0.06805521042976381
0.4440570255343188
0.3748860964044589
-0.16705339105756145
0.3939565652288869
-0.031961159721935695
-0.48860125414954714
0.24853597768029778
0.47317862531385924
-0.20593855849629417
0.40827439369574436
-0.015651221122657044
-0.07273223833591058
0.06545238510310969
-0.08636015313631318
0.43647090771810004
0.3053666607925719
0.06200041578692772
0.49625545547820193
0.3943257906479277
0.2172424228867581
-0.02890470418044533
-0.3246156304365788
-0.26634576782883823
-0.20527848545478145
0.1993603804741031
-0.06768223942152474
0.16101863351494672
-0.4629437713551515
-0.21919732128786173
0.30701148854815186
0.10573865649010916
0.2420826446462654
-0.4784951831174886
0.487334288188326
-0.1766250043048858
0.03311764688739649
0.07643198318457722
-0.18525689959120684
-0.45262740508992205
-0.48132519791828066
-0.2895000944027194
0.15147808169635246
-0.3176173460288393
-0.44619442058197145
-0.07726131760878185
0.4438923554860338
-0.05743604292658355
-0.07130013810178637
0.03977658937201234
0.44056923405664095
-0.42598541454660077
-0.19731672447172677
-0.4101313241614257
