0.825405
0.825848
0.826289
0.826728
0.827165
0.8276
0.828033
0.828464
0.828893
0.82932
0.829745
0.830168
0.83059
0.831009
0.831426
0.831842
0.832255
0.832667
0.833077
0.833485
0.833891
0.834295
0.834697
0.835098
0.835496
0.835893
0.836287
0.83668
0.837071
0.837461
0.837848
0.838234
0.838617
0.838999
0.839379
0.839758
0.840134
0.840509
0.840881
0.841252
0.841622
0.841989
0.842355
0.842719
0.843081
0.843441
0.8438
0.844156
0.844511
0.844865
0.845216
0.845566
0.845914
0.84626
0.846605
0.846947
0.847288
0.847628
0.847965
0.848301
0.848635
0.848968
0.849299
0.849628
0.849955
0.85028
0.850604
0.850927
0.851247
0.851566
0.851883
0.852198
0.852512
0.852824
0.853135
0.853443
0.853751
0.854056
0.85436
0.854662
0.854962
0.855261
0.855558
0.855854
0.856147
0.856439
0.85673
0.857019
0.857306
0.857592
0.857876
0.858158
0.858439
0.858718
0.858995
0.859271
0.859545
0.859818
0.860089
0.860358
0.860626
0.860892
0.861157
0.86142
0.861681
0.861941
0.862199
0.862456
0.862711
0.862964
0.863216
0.863466
0.863714
0.863961
0.864207
0.864451
0.864693
0.864934
0.865173
0.86541
0.865646
0.865881
0.866113
0.866345
0.866574
0.866802
0.867029
0.867254
0.867477
0.867699
0.86792
0.868138
0.868356
0.868571
0.868785
0.868998
0.869209
0.869418
0.869626
0.869833
0.870037
0.870241
0.870442
0.870642
0.870841
0.871038
0.871234
0.871428
0.87162
0.871811
0.872001
0.872189
0.872375
0.87256
0.872743
0.872925
0.873105
0.873284
0.873461
0.873637
0.873811
0.873984
0.874155
0.874324
0.874492
0.874659
0.874824
0.874987
0.875149
0.87531
0.875469
0.875626
0.875782
0.875937
0.87609
0.876241
0.876391
0.876539
0.876686
0.876832
0.876976
0.877118
0.877259
0.877398
0.877536
0.877672
0.877807
0.87794
0.878072
0.878203
0.878332
0.878459
0.878585
0.878709
0.878832
0.878953
0.879073
0.879191
0.879308
0.879424
0.879537
0.87965
0.879761
0.87987
0.879978
0.880084
0.880189
0.880293
0.880395
0.880495
0.880594
0.880691
0.880787
0.880882
0.880975
0.881066
0.881156
0.881245
0.881332
0.881417
0.881501
0.881584
0.881665
0.881744
0.881822
0.881899
0.881974
0.882048
0.88212
0.88219
0.88226
0.882327
0.882393
0.882458
0.882521
0.882583
0.882643
0.882702
0.882759
0.882815
0.882869
0.882922
0.882973
0.883023
0.883072
0.883118
0.883164
0.883208
0.88325
0.883291
0.88333
0.883368
0.883405
0.88344
0.883473
0.883505
0.883536
0.883565
0.883593
0.883619
0.883643
0.883666
0.883688
0.883708
0.883727
0.883744
0.88376
0.883774
0.883787
0.883798
0.883808
0.883816
0.883823
0.883828
0.883832
0.883834
0.883835
0.771575
0.771911
0.772247
0.772583
0.772919
0.773256
0.773592
0.773928
0.774264
0.7746
0.774936
0.775273
0.775609
0.775945
0.776281
0.776617
0.776953
0.77729
0.777626
0.777962
0.778298
0.778634
0.778971
0.779307
0.779643
0.779979
0.780316
0.780652
0.780988
0.781324
0.781661
0.781997
0.782333
0.782669
0.783006
0.783342
0.783678
0.784015
0.784351
0.784687
0.785023
0.78536
0.785696
0.786032
0.786369
0.786705
0.787041
0.787378
0.787714
0.78805
0.788387
0.788723
0.789059
0.789396
0.789732
0.790069
0.790405
0.790741
0.791078
0.791414
0.791751
0.792087
0.792423
0.79276
0.793096
0.793433
0.793769
0.794106
0.794442
0.794778
0.795115
0.795451
0.795788
0.796124
0.796461
0.796797
0.797134
0.79747
0.797807
0.798143
0.79848
0.798817
0.799153
0.79949
0.799826
0.800163
0.800499
0.800836
0.801172
0.801509
0.801846
0.802182
0.802519
0.802855
0.803192
0.803529
0.803865
0.804202
0.804539
0.804875
0.805212
0.805549
0.805885
0.806222
0.806559
0.806895
0.807232
0.807569
0.807906
0.808242
0.808579
0.808916
0.809253
0.809589
0.809926
0.810263
0.8106
0.810937
0.811273
0.81161
0.811947
0.812284
0.812621
0.812958
0.813294
0.813631
0.813968
0.814305
0.814642
0.814979
0.815316
0.815653
0.81599
0.816327
0.816663
0.817
0.817337
0.817674
0.818011
0.818348
0.818685
0.819022
0.819359
0.819696
0.820033
0.82037
0.820707
0.821044
0.821382
0.821719
0.822056
0.822393
0.82273
0.823067
0.823404
0.823741
0.824078
0.824416
0.824753
0.82509
0.825427
0.825764
0.826101
0.826439
0.826776
0.827113
0.82745
0.827788
0.828125
0.828462
0.828799
0.829137
0.829474
0.829811
0.830149
0.830486
0.830823
0.831161
0.831498
0.831835
0.832173
0.83251
0.832847
0.833185
0.833522
0.83386
0.834197
0.834535
0.834872
0.835209
0.835547
0.835884
0.836222
0.836559
0.836897
0.837235
0.837572
0.83791
0.838247
0.838585
0.838922
0.83926
0.839598
0.839935
0.840273
0.84061
0.840948
0.841286
0.841623
0.841961
0.842299
0.842637
0.842974
0.843312
0.84365
0.843988
0.844325
0.844663
0.845001
0.845339
0.845677
0.846014
0.846352
0.84669
0.847028
0.847366
0.847704
0.848042
0.84838
0.848717
0.849055
0.849393
0.849731
0.850069
0.850407
0.850745
0.851083
0.851421
0.851759
0.852097
0.852436
0.852774
0.853112
0.85345
0.853788
0.854126
0.854464
0.854802
0.855141
0.855479
0.855817
0.856155
0.856493
0.856832
0.85717
0.857508
0.857846
0.858185
0.858523
0.858861
0.8592
0.859538
0.859876
0.860215
0.860553
0.860892
0.86123
0.861568
0.861907
0.862245
0.862584
0.862922
0.863261
0.863599
0.863938
0.864276
0.864615
0.864953
0.865292
0.865631
0.865969
0.866308
0.866647
0.866985
0.867324
0.867663
0.868001
0.86834
0.868679
0.869017
0.869356
0.869695
0.870034
0.870373
0.870711
0.87105
0.871389
0.871728
0.872067
0.872406
0.872745
0.873084
0.873422
0.873761
0.8741
0.874439
0.874778
0.875117
0.875456
0.875795
0.876135
0.876474
0.876813
0.877152
0.877491
0.87783
0.878169
0.878508
0.878848
0.879187
0.879526
0.879865
0.880204
0.880544
0.880883
0.881222
0.881562
0.881901
0.88224
0.88258
0.882919
0.883259
0.883598
0.883937
0.884277
0.884616
0.884956
0.885295
0.885635
0.885974
0.886314
0.886654
0.886993
0.887333
0.887672
0.888012
0.888352
0.888691
0.889031
0.889371
0.88971
0.89005
0.89039
0.89073
0.891069
0.891409
0.891749
0.892089
0.892429
0.892769
0.893109
0.893448
0.893788
0.894128
0.894468
0.894808
0.895148
0.895488
0.895828
0.896168
0.896508
0.896849
0.897189
0.897529
0.897869
0.898209
0.898549
0.898889
0.89923
0.89957
0.89991
0.90025
0.900591
0.900931
0.901271
0.901612
0.901952
0.902292
0.902633
0.902973
0.903314
0.903654
0.903995
0.904335
0.904676
0.905016
0.905357
0.905697
0.906038
0.906379
0.906719
0.90706
0.907401
0.907741
0.908082
0.908423
0.908763
0.909104
0.909445
0.909786
0.910127
0.910468
0.910808
0.911149
0.91149
0.911831
0.912172
0.912513
0.912854
0.913195
0.913536
0.913877
0.914218
0.914559
0.9149
0.915242
0.915583
0.915924
0.916265
0.916606
0.916948
0.917289
0.91763
0.917971
0.918313
0.918654
0.918995
0.919337
0.919678
0.92002
0.920361
0.920703
0.921044
0.921385
0.921727
0.922069
0.734442
0.733775
0.733107
0.732436
0.731765
0.731092
0.730417
0.729741
0.729064
0.728385
0.727704
0.727022
0.726339
0.725654
0.724968
0.72428
0.723591
0.7229
0.722208
0.721514
0.720819
0.720122
0.719424
0.718724
0.718023
0.71732
0.716616
0.715911
0.715204
0.714495
0.713785
0.713073
0.71236
0.711646
0.71093
0.710212
0.709493
0.708773
0.708051
0.707328
0.706603
0.705876
0.705148
0.704419
0.703688
0.702956
0.702222
0.701487
0.70075
0.700011
0.699271
0.69853
0.697787
0.697043
0.696297
0.69555
0.694801
0.69405
0.693299
0.692545
0.69179
0.691034
0.690276
0.689517
0.688756
0.687993
0.687229
0.686464
0.685697
0.684929
0.684159
0.683387
0.682614
0.681839
0.681063
0.680286
0.679507
0.678726
0.677944
0.67716
0.676375
0.675588
0.6748
0.67401
0.673219
0.672426
0.671632
0.670836
0.670038
0.669239
0.668439
0.667636
0.666833
0.666028
0.665221
0.664413
0.663603
0.662791
0.661978
0.661164
0.660348
0.65953
0.658711
0.65789
0.657068
0.656244
0.655419
0.654592
0.653763
0.652933
0.652101
0.651268
0.650433
0.649597
0.648759
0.647919
0.647078
0.646235
0.645391
0.644545
0.643697
0.642848
0.641998
0.641145
0.640291
0.639436
0.638579
0.63772
0.63686
0.635998
0.635134
0.634269
0.633402
0.632533
0.631663
0.630792
0.629918
0.629043
0.628167
0.627289
0.626409
0.625527
0.624644
0.623759
0.622873
0.621985
0.621095
0.620204
0.619311
0.618416
0.617519
0.616621
0.615722
0.61482
0.613917
0.613012
0.612106
0.611198
0.610288
0.609376
0.608463
0.607548
0.606632
0.605713
0.604793
0.603872
0.602948
0.602023
0.601096
0.600167
0.599237
0.598305
0.597371
0.596435
0.595498
0.594559
0.593618
0.592676
0.591731
0.590785
0.589837
0.588888
0.587936
0.586983
0.586028
0.585071
0.584113
0.583153
0.58219
0.581226
0.580261
0.579293
0.578324
0.577352
0.576379
0.575405
0.574428
0.573449
0.572469
0.571487
0.570503
0.569517
0.568529
0.567539
0.566548
0.565554
0.564559
0.563562
0.562563
0.561562
0.560559
0.559554
0.558547
0.557538
0.556528
0.555515
0.554501
0.553484
0.552466
0.551446
0.550424
0.549399
0.548373
0.547345
0.546315
0.545283
0.544249
0.543212
0.542174
0.541134
0.540092
0.539048
0.538001
0.536953
0.535903
0.53485
0.533796
0.532739
0.531681
0.53062
0.529557
0.528492
0.527425
0.526356
0.525285
0.524212
0.523136
0.522059
0.520979
0.519897
0.518813
0.517727
0.516638
0.515547
0.514455
0.51336
0.512262
0.511163
0.510061
0.508957
0.507851
0.506742
0.505632
0.504519
0.503403
0.502286
0.501166
0.500044
0.498919
0.497792
0.496663
0.495531
0.494398
0.493261
0.492123
0.490981
0.489838
