-2.59918
-3.12459
3.00456
-1.68377
-2.66281
3.03858
-0.162038
2.86069
1.41458
-1.21809
-2.40338
0.397538
-2.975
-0.418977
-2.37782
-1.56124
-0.577799
-1.7445
2.4541
1.12212
2.15735
0.486306
-0.285213
-1.92386
1.55383
-1.80745
1.36891
-2.8363
-1.32658
-0.88637
-1.66846
-1.4512
-2.44964
2.40226
-1.47173
2.13479
1.07293
0.988833
-0.624629
-0.96645
1.95004
0.0435493
-2.05268
2.09704
2.60645
-0.532376
1.14894
0.591516
-0.528937
-1.96864
-2.55688
1.35351
1.3263
-1.17355
-1.50509
-0.790136
1.36313
-3.07378
-0.074962
-2.40159
-0.989484
2.74995
-2.09239
1.9788
1.32493
-0.735238
-1.10771
2.90494
-1.18737
2.45621
-2.26916
0.901161
-1.52999
-0.898628
1.3936
0.400421
-1.61123
-0.42405
2.4442
2.83486
-1.91718
2.52996
0.626625
-0.535668
0.124401
-2.34177
-1.78192
-2.70423
1.70173
0.512101
-0.117139
0.541095
-1.31106
-2.02898
1.27548
-2.48647
2.83961
-2.92663
2.53371
-2.16816
-2.19202
0.316715
-3.1078
1.95482
1.58129
-0.225768
0.641806
-1.34507
-1.91852
1.25409
0.527762
-2.19169
1.59383
0.83439
-0.0520925
-0.66438
1.34342
-0.00757348
-2.30842
1.87549
3.13307
0.54368
-1.3328
1.35845
-2.5117
-0.614484
2.79493
1.59827
1.66957
2.11731
-3.11008
-1.18849
-2.30075
0.06616
-3.08703
2.16556
2.91356
2.6866
-0.705238
-2.52553
2.30611
2.43106
0.317459
-0.420989
-2.19424
-1.24538
-2.08177
2.36384
-2.23079
-2.84569
-0.702513
1.38815
-3.005
2.50957
1.71929
-1.2761
-1.49388
-1.10687
1.78766
-0.262418
-2.63937
1.2848
2.67053
-2.18306
2.68066
2.49098
-2.41221
2.8563
-0.135117
-2.88328
-0.912118
2.68368
-2.75954
2.59429
-2.55229
1.91437
-1.42043
-2.46386
-0.435739
1.51774
-1.52186
-0.963861
0.82315
1.86286
3.01848
-2.23141
-2.01617
2.81594
-1.29806
0.251986
-1.84807
-2.4556
-0.0224294
-0.150383
0.586121
0.378035
-1.50859
1.47651
-3.09128
2.99527
2.86934
-2.98731
1.53323
1.44982
2.57035
1.48076
-0.988614
2.41481
-1.26484
2.55106
1.39685
-0.716461
-2.35667
-0.937351
-2.08002
-2.60699
-0.742648
-1.26249
-0.470469
-3.06273
2.76545
0.237184
-3.08969
-1.6701
0.286669
0.00465666
-2.61598
-3.03016
-2.88969
-0.335447
-0.987245
-1.20284
1.48795
-2.36026
-3.07091
1.94106
1.03594
-2.44311
1.94391
-1.64505
-0.599192
1.7578
1.72894
3.07113
3.07492
2.16162
-1.49789
1.17013
3.07721
2.30039
1.9774
0.944711
-0.126485
2.00432
-1.66354
-2.9936
1.71999
1.59774
1.71019
0.858467
1.51915
-2.95414
0.0354312
1.63668
2.2439
-3.04017
0.399308
-2.53156
1.64784
-2.40676
-2.90622
-2.17646
3.07642
-0.0660661
2.06705
-2.77302
1.49748
-1.79306
-2.43249
-2.98677
-2.24725
1.42846
-2.61869
1.17194
-1.96902
-0.887441
1.01943
-1.05444
-1.06524
-1.58463
0.704864
0.937079
-1.43499
-2.42402
2.79261
2.23715
-1.41324
-1.98732
0.997712
1.10898
0.95639
2.51129
-0.210595
-0.628467
-2.18988
-1.4141
-2.23799
0.589137
-2.02578
-1.49271
1.76069
-2.51533
1.09932
-0.173515
0.00616063
0.972471
2.02892
0.208932
-2.77589
0.278563
0.419277
1.01034
-3.01371
-2.24826
-0.509227
1.86395
1.0126
-0.669054
-1.9695
-2.91227
1.57099
1.46679
-1.13333
-3.0281
-1.11337
2.34864
1.74149
-3.12324
-0.40503
-1.08853
2.48098
-0.328469
2.66734
1.3581
-0.617938
1.87347
-1.1016
-2.07692
3.03337
-0.860174
2.91735
0.110654
0.770196
1.47186
-0.343466
-1.21652
2.73298
1.38603
-0.576474
-2.39391
1.59474
0.562226
1.74569
-0.572803
2.56076
-1.62305
-1.97803
0.341253
-3.04089
-2.37301
0.571036
-2.34723
-1.3461
1.81533
1.89818
1.80863
3.13801
-0.0569311
3.10263
-0.190715
0.468467
-2.26868
2.29753
-0.8121
-1.97301
0.658293
-1.01422
-2.91076
0.878663
0.710132
0.990898
0.269266
-2.97926
0.388182
-1.97226
1.27663
-0.0544401
0.512018
-0.763274
1.70054
2.38918
-2.48313
2.93433
-1.06749
0.372138
2.70674
-0.0706233
2.39464
-0.906474
1.88867
-1.60703
-0.660705
0.76035
2.49126
-1.10567
-2.34908
1.38759
-2.1416
-0.853847
1.90473
1.02566
-1.55214
-0.228372
-2.30518
-2.59419
0.106437
-1.97581
-0.0325861
-0.325442
-1.61197
2.76441
-1.54153
-0.913774
-1.73574
-2.49563
-1.66666
-2.28456
-2.20833
-2.6599
2.33412
1.5581
-0.789423
-1.95111
1.98226
-0.152675
1.40641
1.88816
2.33139
-0.3216
1.43414
1.8657
0.783305
0.0343977
1.93346
0.986392
1.35169
2.72688
-2.82989
-2.19582
2.16061
-0.239132
3.06283
-1.9013
-2.02236
-3.11194
0.977123
-1.12534
0.354272
1.69061
1.3648
-2.02924
0.716719
-1.76966
-0.905929
-1.9923
-1.80196
1.34481
-1.10901
-1.13347
-2.86442
-0.23269
-2.36972
2.95901
-1.35389
0.935368
0.515865
-0.239778
-0.648009
-0.340973
-0.448673
-1.88407
-1.2826
0.943354
2.0086
1.63214
0.61792
-0.518714
-0.0895576
0.575493
-1.59376
1.34629
-2.87583
-1.97317
-1.47098
0.275604
-2.98611
-2.2923
-0.113433
-2.12444
-0.507799
-1.33329
1.6417
1.44233
0.87943
2.2833
2.6714
-1.32521
0.623905
-2.03847
1.80815
3.06514
2.59033
2.32691
-0.837928
0.367057
0.949141
2.6912
-1.59537
-1.08027
2.00301
1.23831
0.433172
-0.49474
0.6553
-1.01437
-1.33779
1.77687
1.37882
1.99274
-2.48619
3.14043
1.23691
0.590269
1.52356
-1.22454
1.08919
-0.902174
-2.67757
3.09046
1.26102
2.77047
1.34402
0.950838
-0.0720329
0.966442
-0.775837
-2.01857
-1.42253
-2.14611
-0.172489
-1.32646
-0.9195
-0.411762
1.92346
-1.58089
-0.730874
-1.88266
1.24012
1.66801
0.989846
-1.1159
0.877898
0.995532
-1.81275
-0.925349
-0.344734
-1.89376
1.95706
0.946354
-0.651378
-2.29763
2.42774
1.00823
0.0403124
2.30144
1.48288
-3.06553
-1.25129
-1.13548
-2.81899
2.57463
-0.792445
0.94347
-0.133927
1.53379
1.78235
2.82496
1.11653
0.492189
0.975815
1.3244
0.448599
-0.0400419
1.70484
-2.31933
1.46972
-0.233266
-0.583279
-1.72046
0.512597
1.05442
1.54947
-1.47983
-3.00551
-0.682817
-0.748175
1.0539
1.55057
-1.76801
2.16612
-1.37297
1.06677
1.06961
-0.264386
1.60332
1.31487
1.16679
0.854537
1.41433
0.975429
-1.18632
0.46433
1.35562
-2.23298
2.07591
-0.615626
2.32278
-0.681178
0.866779
-2.55668
-1.21044
1.537
-0.900983
-1.60711
-0.19881
-2.68885
1.07686
-0.43692
2.58754
-1.93486
1.78921
-2.67727
-1.23553
-2.84647
-0.536621
-3.11519
0.221001
-0.73493
-0.380887
-2.39307
0.233009
3.09581
2.43599
3.07275
0.0030902
1.1325
2.63484
1.69645
-2.50518
-0.355968
-0.0867055
2.93058
-1.09395
-2.88327
-0.940474
0.767833
-0.0297387
-2.74731
1.85066
-1.4281
0.490864
-2.96762
-2.12189
1.26405
1.93378
2.05533
-0.76113
-0.727134
2.34972
-0.0807557
-2.6767
1.58795
1.64434
-0.206228
-0.671833
-0.668483
0.653983
0.626579
-0.707458
3.11737
-1.04115
2.11937
-1.54919
-2.55567
-1.37253
-0.243137
1.22478
3.03039
0.76407
-0.299489
-1.61217
-1.14212
-1.2591
-1.72201
3.02933
-2.77339
0.30413
-1.31406
2.2479
-1.04956
-1.97521
-0.841405
-1.06924
-2.86722
-2.38789
1.55565
-2.1956
0.542902
-1.05618
-2.48331
0.879915
-1.27509
2.05972
0.164224
-2.97475
2.85946
1.9445
1.00891
2.80704
-2.6065
-0.0747139
-2.76765
-1.89827
0.744788
-2.71624
-0.905107
-0.424905
-0.74693
1.88372
0.00765527
-1.40494
-0.132935
2.00167
-1.96182
1.94798
2.37786
2.96398
2.08507
2.44649
0.0302478
-3.11801
-0.864639
2.58259
-0.845492
-0.549248
-1.41213
0.368586
-1.68706
1.81841
-0.732565
-2.15025
1.10573
-1.31279
2.32326
0.24927
1.20147
2.64167
0.440198
-0.765759
0.149957
-2.68655
-1.65493
2.98272
2.18762
-0.409757
-2.89318
-1.34373
0.952979
1.33167
-2.14514
-2.0485
-0.527612
2.16136
1.31968
0.642556
0.639528
0.968851
-1.25316
3.0587
-1.6964
-0.358891
2.77142
-1.1917
-0.0507257
-2.37521
-0.758667
-1.17338
-1.0226
2.64157
2.35365
1.50785
1.36709
0.855664
-2.94033
-1.49126
1.68853
2.83231
0.550714
0.0137475
-1.1046
-0.339039
-1.82233
-1.35862
0.600977
2.56772
0.410046
-3.13913
0.79289
-2.80289
-0.464508
3.08547
-1.71899
2.82667
1.89818
-2.99139
0.959418
-1.43202
1.19243
1.43298
-0.0161572
-1.05803
1.25453
-2.63148
-1.2389
1.71061
-0.140608
0.983686
1.32745
1.75563
-1.01724
-2.92959
-1.59509
2.157
2.11677
1.83513
0.142564
0.103949
-2.56914
1.45068
1.03589
-1.37996
-1.21759
0.998102
-0.0227213
1.76343
1.13538
0.324892
0.899821
-0.375893
3.02243
1.51116
1.56006
2.97061
1.94516
2.43841
0.78671
-1.82725
3.01787
-0.823711
-0.941555
0.582303
-0.690876
-2.76215
-1.40472
-0.013595
-0.542544
-0.649621
-1.75183
1.05048
-0.179161
0.330296
2.70839
-0.780663
-0.469748
1.65152
-1.29479
-0.643105
-0.939472
2.19653
-2.52096
2.79625
0.959692
3.1111
-0.396408
2.74261
0.981796
1.614
1.94146
-0.647823
2.45771
-1.62064
-0.109253
0.735726
0.124303
3.00958
-0.448185
1.25211
1.47248
0.258803
-3.00409
3.03885
0.335175
0.0579878
1.83109
-2.35486
-0.268264
0.64284
-1.73152
-0.475351
-0.323532
1.99378
-0.109397
2.58109
-2.60633
1.76949
1.74599
-2.3144
-1.82775
-2.80807
1.80937
-2.13575
-1.0869
1.71655
-2.14637
3.06223
-0.426976
-0.254086
-3.00923
-1.0481
1.77947
-0.883671
-1.89054
-0.255832
1.03922
-2.64736
-1.9692
1.72259
0.357141
-0.288525
0.792653
-2.76282
-2.46633
2.9539
0.863725
0.718712
-0.742095
0.642197
-1.93659
-1.20303
-2.67807
-0.0214145
2.7458
3.02806
1.30874
-1.42424
2.36324
0.964931
0.398132
-1.1318
0.817937
2.75906
-0.255545
-1.58382
-0.507988
-1.27592
2.92454
0.831742
-0.757207
-2.46177
1.08136
-2.45953
1.29517
-0.468843
-0.59628
-1.25884
-2.64626
-1.98538
2.21913
-2.11004
0.294271
