9.60486549417095
10.064272643339741
9.910880567489366
9.83255783235638
10.263478721631259
10.028972907531372
9.99420488885486
9.7562348020548
10.223780690261265
10.045317881802658
9.776787113352913
10.258533430082103
9.636500459032959
10.013137842005303
9.705528016744069
9.867360915038606
9.513288411055454
10.144229603390182
9.626798582235692
10.323530786227797
10.442790086687125
9.751897668636484
9.97581113233703
9.537297634343114
10.130824325412641
9.510461461139043
10.010095179277236
10.044404367661667
10.192970066037907
9.97157251912736
10.48762602053147
9.63025794252453
9.673907198176108
9.66146951111275
10.238537210271769
9.584062478589209
9.709067057829058
10.499380524844328
9.61545348736529
10.128989294709667
9.782482005187296
9.70603212402009
9.544657888696452
9.648446777656059
10.368716497459735
9.768806843838703
9.543545601410539
10.02232844777507
10.188954536503553
10.485325734056833
10.39670247499232
9.629928821011628
9.612987283143493
10.37677064297391
9.956911822519311
10.475324286015692
9.850826739308449
9.54487693504437
9.706865138706991
9.919514239901243
10.014305080601662
9.871150258104494
9.882435032145642
10.443426915532344
9.802947275795812
9.764780621854484
9.84048097144161
10.257690386395337
10.324496025930705
10.139281719488046
9.550808751810028
9.826737317366863
10.022204955901937
10.45530704421028
9.999125421930128
10.491603231768963
9.943727406354979
9.544856770839338
10.386279705520346
9.768891876195053
9.786102703212677
9.75102256284566
9.708994310806604
10.41570080253674
10.496301307242678
10.499783917849959
9.903342688801109
9.726879326700479
10.343216637171894
10.261719776290304
10.064526660363052
10.352071765533758
10.437588659935296
10.267882909602235
9.694023407969702
9.54321135766319
10.432439294286343
9.81949756503107
9.542738437130332
10.32790219038144
9.500045966890832
10.071481157131075
10.227976238287258
10.36566042867929
10.496643754582742
9.54333123000411
10.004057010122416
10.48749065740036
10.373111974887863
10.375833588015231
10.101340039709294
10.283413696264361
10.39275516033337
10.378554354586015
10.450875234615294
9.757464926318889
10.354719990782156
10.432945958095665
10.273222678941144
9.841182147658776
10.075836746054296
10.021800416131338
10.421508570169276
9.85415309074896
9.505611890811664
9.838277081555413
10.350369618566612
9.915273650158955
10.494996246790393
9.860269869215378
10.121529261459397
9.983456104038275
9.749425033370184
9.510107351209058
9.864421233432623
10.425619453217934
10.263686916066062
9.865275545815132
9.819775909841308
10.237597184555852
9.686639728039035
10.010838378852899
10.077221174906237
9.57127765309197
9.906505039282642
9.627169955851368
10.181000431195164
9.601136917049503
9.922306930130109
10.194959788282095
10.228394816346384
9.578054435039125
9.507037842085142
9.955540004773436
10.156048610052814
10.451342729993485
10.225382196915852
9.78158705648521
10.13440341032407
9.55533012150316
10.321858786034728
9.918676640952834
9.768543568396254
9.560037576652311
10.00334108919954
10.084141424195991
10.00937801125612
10.259703891942676
10.368766944936743
9.555828309017784
9.73751358559234
10.227526185999865
10.039463331898556
9.88796108606834
9.57880590788621
9.694178965661157
10.057847100881768
10.321627365223245
10.325617745684873
10.348379920273928
9.755804466178192
9.640488589019743
9.854562978017055
9.747535078593335
9.758747938076732
10.421461592673657
10.173522654057559
10.35564739435734
10.056855134877418
9.522498163153475
9.65740112907959
9.643788763893948
9.709535599562395
9.572685160560294
9.573907826171965
9.994516449929538
9.845366760285224
9.697606869953841
9.595943719828371
9.742486023584345
10.148762237453965
10.058842385848347
10.382765286486375
10.471181465534173
10.241176530559079
9.802585544572151
10.36430191882594
10.491548811821808
10.39353809487686
9.90794996281456
9.900152559576574
10.426033964468905
10.42701054401995
9.584868381258538
10.439319487804205
9.610099776170602
9.597115112178061
10.073299412490652
10.263643877710296
9.524444062526525
10.244649404836514
9.941640427416138
9.536773232557707
9.929703683528677
9.590227926238747
9.649730029197558
10.305545452358212
9.571422269136995
9.91733071206644
9.699729113135342
10.309112447769728
10.002947960055996
9.672027160577393
10.388352588237609
9.606052016776047
10.129105700967582
10.110678211981694
10.032330728966807
9.541298491371368
9.637129668959856
9.668260431574444
9.860396857258872
10.386982088899849
10.193705450149334
10.33358140036182
10.434754721023868
9.845414781647019
9.965401756537597
9.806921615044947
10.114878628252546
9.637141206974322
9.812150711849101
9.516270862066573
10.186961189470622
10.09795332715285
10.09423233001095
10.331516801911278
9.8750242160314
9.685238565528104
10.190862022945366
10.130356984438485
9.95573333842865
9.879158880938874
10.090387959441681
9.859307163777254
10.319444259085929
9.720504787773045
9.85440241091582
9.804939849906594
9.55759932026615
10.01212271090321
10.395477389176055
10.337314023476058
10.452491660850672
9.771667198131766
9.692676690329442
10.371554420901123
9.95451168122221
9.770476327253384
9.5754468682414
10.445008814520937
10.079702262600923
9.619330983189064
9.912637117641017
9.644185907568605
9.602226599760469
9.87149747527054
9.527672344175816
9.594050657963962
10.076853095052034
9.687088420324812
9.779169068520412
9.944996567152431
10.291160324821693
9.93652350717696
9.571270373477459
9.66328658912404
10.078083509731368
10.478784914109125
9.708161211737565
9.675988788954463
9.775196513165097
10.10292949857343
10.37208054491238
10.26868534048907
10.2732487527566
10.420123936238552
9.609272247643336
10.279258628693578
9.745124024006369
10.361934098432283
9.935412025581776
9.812354118502004
9.833522427764386
10.21507472991076
9.517622038930307
9.532458589477821
10.278045252089562
10.17935599969173
10.473283369172032
10.409399717627991
9.8553991151282
10.387785209278569
9.716041523699122
10.43075441091843
9.870097905714482
10.146986286660017
10.34256776039483
10.385003042182285
9.525142857245445
10.455053764681246
9.598345171582459
10.453678206970203
9.659951253269377
9.643484003022119
10.218649780592244
10.441580774089399
9.949842585856386
10.186302312247662
10.310202528410418
9.984650549978246
9.800825985524693
9.877042333006386
9.896208143611243
9.571804903993337
10.154247555420291
9.896384019097257
9.883963133622666
10.157640909796793
9.649130418259704
10.215253911382433
9.883765390316132
9.930529801588513
10.336830230014446
10.372763358476236
10.011453871770088
9.581936854280986
9.711645473750764
9.828637465807187
9.5274727655011
9.910498072409588
10.305068009221333
10.179570694757153
10.279189869085767
9.583751988278546
9.990207398034817
10.425524532822575
9.793774547091378
10.11079346895826
9.856733512976575
10.114636278248053
9.782991576535993
10.12030977508014
10.40989647603418
9.776836947005721
9.94560359381395
10.008906679151945
10.172663260312456
9.689239674547647
9.648842749860279
9.958194087663585
10.391103900108716
10.38502423954859
10.144456064113019
10.267901593048782
9.71057905119638
9.507134690734157
10.262264047847893
9.955957371917739
9.770437257956962
9.519528496906801
10.351877839916934
10.180277314808977
10.413126577601151
9.782214082711548
9.796873479405036
10.141447549995396
9.959732403629026
9.874716135234106
9.809028823836485
10.051853574185209
10.329850286472091
10.43953868759216
9.509848763397088
9.706647925169328
9.895534926753685
9.538271824067882
10.456558289871287
9.996318409801791
10.05254156670241
10.221161627261992
9.88219910591119
10.051420039827502
9.550213680530549
9.943237223334839
9.897396679262172
9.972882410732147
9.899025811143797
9.540952197889975
9.755742181928412
10.022515595078573
10.046843945681132
10.06295638820431
9.812404051293681
9.930456604073667
10.064156113842325
10.239943508472262
9.993867698789835
9.518359434808664
9.913747848933077
9.916672284634785
9.52780956244409
9.619978127194937
10.04493507594278
10.115521297414995
10.089663236837692
9.725454492738198
10.093888689204054
10.496790428161292
9.525081422271853
9.748792458347468
10.012924039466768
10.256540722871666
10.125559474190085
10.434667009615088
10.410584653926433
10.114797113120959
9.906301060661907
10.144624921149857
10.108826611980877
10.426014927763436
9.653654594419725
9.920373341596125
10.240698726170795
10.275262603013134
10.311721298795453
10.219267720584929
10.403293615431707
10.41275714120087
10.032993095251296
10.006846861812402
9.508145199013299
9.830185701938804
9.605683466680848
10.422466676316676
10.25083076271558
10.418712388616433
10.164097966195014
9.59651087576737
10.12055048334146
10.397026497333655
10.176756675033277
10.31824069262044
10.043233829850939
9.745643208158247
10.473709848978281
10.113884604523413
9.617953002429012
9.717205708738808
10.107113446993564
10.126832016189564
10.36566260893501
10.131404593057848
10.108166234911307
9.735818983661792
9.948173768863608
9.960182029863624
10.00924535116081
9.970684577768505
10.143592880679067
9.833379549772811
10.09400993365566
10.432928950804877
10.149846280832314
9.864351334800805
9.97099413555821
9.985878108505894
9.727239941676437
10.383910489345025
9.719947372440416
9.544742680690428
9.619784895502663
10.145012202913698
9.730492619695674
9.851021647193397
9.876746519737454
9.675837235303225
9.797384807914227
9.666557795841712
9.504835572746511
10.27627990513944
10.270771947634485
9.70068786456903
10.0879550281359
10.328762403454549
9.798614390787208
10.228177072187972
10.260469984627267
9.987798596223389
10.161462984835392
9.938563621805473
9.752709511999644
9.798693918519556
9.673374717977367
10.106148503703954
9.7207775014151
10.159713994949865
10.451931312926591
9.612235008267906
9.879318117058002
9.964909900380182
10.379362931595713
10.404544184116393
10.457276562666758
10.371790599143374
10.194736979847306
9.787155525186678
9.73554790753589
9.740995155345573
9.781200453172296
9.514388087462128
9.848340772031232
10.0936724222264
10.370102356347765
10.3626860503444
9.788157082686634
10.217608212511388
10.22281683423773
10.13951794740139
9.596021591628583
9.571577716861777
10.264217032181644
10.460679499302712
10.309021581295209
9.929075012636257
10.194475351044815
10.263641447259667
9.961846434735895
10.006832706333782
10.027986432659848
10.056277251489385
9.660273877405913
9.629903988225879
10.386857233116123
9.886495309444053
10.024607558009597
10.199045226142204
10.071333172612846
9.949931427574377
9.660568615534293
9.854912775649835
10.227852478398331
10.091016008312778
10.267902572134403
10.439483558557898
9.546762354980794
9.50890699185916
10.162543920125392
10.139892509315931
9.516248574809632
10.189615158022953
9.841244567304836
9.822143873163016
9.953092607370447
10.279717229488348
9.794756916107419
10.077992066156652
10.294795228493054
10.231270238581855
10.003154294921567
10.238324655500513
10.09482235075003
9.541910853448117
9.803861748033937
10.08436112925036
10.486285526969645
9.698335309978724
10.370272207180447
10.21053677485987
9.888458676888634
9.529573766861937
9.956198205334859
9.837903090391071
9.705453403819504
9.784493673143631
9.592682360929022
10.296267890599898
9.61976616704198
10.133030063528516
9.635591634792624
10.099637099933299
9.88384201294698
9.833114771364745
9.85396536824652
9.623373839397171
9.861451922201107
9.868095673978301
10.30677056473974
9.924106905560743
10.324374921431453
10.067744292240858
10.276807327258535
10.494048568597842
9.982472186763957
10.24419300725714
10.005425601800402
10.038078335677266
9.796580736197768
9.726223603447902
10.3444378581847
9.884983414105612
9.938884914809128
9.81947554896687
10.00520324040478
9.969568364212286
10.463954602926815
9.811500338191117
9.934181020703669
10.481147463937692
10.04156477113119
10.094428022393696
10.301650049771718
9.694700669993804
9.657645419947729
10.257433792281937
9.725653599738736
9.588231220817672
9.935242749914549
9.614133935858717
9.584307220489267
9.82044593413391
9.820173975300614
9.803886745211344
9.73822958803736
9.944381400929172
10.349563988030713
10.498021568439757
10.026921413661949
10.2602410514669
9.595820749053614
9.50000979078719
9.999433616307098
9.918842397761995
9.67413414783987
10.304079835363607
9.776193968505282
9.996735077016378
9.845112196848005
9.702230686347312
10.025093495894117
10.327738495401844
9.96919144877314
10.46854208954895
10.459641194272834
10.2042873752079
10.398026698191162
9.658873803976698
9.73330995052266
9.614175781944322
9.78591034490306
10.239569928116133
9.706572034770575
10.102347947202011
10.456797656449448
9.885621898033756
9.973892230066735
10.05874099496638
9.999838535897837
10.060174591057285
9.869540021459741
10.311582100212995
9.808779390825157
9.681150963007871
9.88635453315319
10.29402631270297
9.571401942822366
10.05826449644917
10.25080391857128
10.069726680443974
10.44633022618786
10.387747412044252
10.048135322352287
10.323579570844709
9.871596054807414
10.271183883413936
9.88383039981535
10.022519583208327
9.950330103201603
9.860429012518162
10.223361807685878
10.481181792274743
9.839480215600947
9.608990484861776
10.05164950532636
9.900841143937663
9.897219684175777
9.714444024769017
9.812614309051874
10.487186229293721
10.08396524633606
10.220789044165098
9.631753832313692
9.903459197022224
9.70241333878196
9.5981573295562
9.676462793866817
9.73407005282532
10.183310611565041
10.201522368081086
10.378765044323032
10.163977493614103
9.86710540372766
9.641827975788386
10.283828881222966
10.038302026876556
9.885492864742009
9.56494974135412
10.27066027778373
10.007744586033906
9.888239870601595
10.008168430025565
10.134413525614532
10.161002799967543
9.704462856793324
10.041367617649836
10.366070793397009
10.272026179562655
10.43155952644977
9.650167002717943
9.917943093799074
10.455711013130191
9.511733766100242
9.861826989700479
9.589634797181525
10.48806250340653
9.678282616719612
9.82840720776652
10.414887887693261
9.553689698003026
9.50515283184729
10.003721899645205
10.026748873830371
9.641745388527884
10.155902989647839
10.068267158371524
10.009885512306372
10.484015595668996
9.636005921487076
10.15584909019575
10.130485155555538
9.71906477286739
10.260217870018307
10.327848958583418
10.060965192096482
10.420017941876015
9.815728601457934
10.451643693165423
10.154299919362822
10.115966515559636
9.874603947042237
10.424081295316405
9.710778349579003
9.608719634238346
10.075051665283086
10.227457553663292
10.471810287203054
10.340510272824131
10.391002697456713
10.020448582514103
10.238211743568336
9.99547258624417
10.01451654114572
9.507994188690535
9.58651594452168
10.18478263207331
9.950766339867922
10.106063331592912
10.236722540651867
10.453902175808562
9.978785557052896
9.95685564397972
10.134412121921503
10.286071389744208
10.203835691337446
9.8998310394189
9.839559578683998
9.551995859028866
9.688178881877555
10.177570755027869
10.48240033871355
10.073126751847715
9.505850642902127
9.670813985878715
10.094658796120756
9.771767230894202
9.697184535477302
10.21153941801862
9.647720402951633
9.824376522369796
10.160978432870944
10.186882965701436
10.39154544954409
10.149807612735266
10.255754902639547
10.072261454420678
10.117901013891943
10.131019294384995
9.912892161649852
9.57737930155778
9.790427475340115
10.341478974041946
10.268551975942252
10.199874811304383
10.388919128619435
9.874307294960062
9.679242994214794
10.375899028201987
10.287968204737096
9.84244527658189
9.57045591747285
9.89416523499671
10.052205070004801
9.837378290014383
9.627911045967123
9.871340493200393
10.159048019582213
10.447616395534173
10.352652591305441
10.472559099156387
9.798325428467656
10.101216765407544
10.398623798245003
10.127327420962622
10.178035057855304
9.99466686749865
10.354760619742885
10.333084525895774
10.30748679243009
10.275503905265788
10.200874550725771
9.527109232322813
9.951848483904318
9.85564411852745
10.337800851611735
10.409818890187935
9.800190670529675
9.767611398855252
9.810150126528368
9.631631310618552
10.444718938182964
9.995351049455586
10.360598475708958
9.691360650392332
10.367085693514126
10.129766653834082
9.916934821262732
9.842014878727205
10.03464240900739
9.604138854101773
10.497268049184763
9.955527125218524
10.454538732552422
9.996180088763156
9.910314910963292
10.10029951707893
10.037990857540521
10.308608479867427
9.537948781167714
10.153522730369069
9.682705910056608
10.11656019230785
10.451359953579015
10.107498146155285
9.734036294273436
9.929733544238243
9.796157095349527
10.197590755370916
10.094059905679652
9.521773109623714
10.034882384826359
10.315893754401639
10.492589687346618
9.7759269597186
9.735278688613159
10.096111832156243
9.565625628296832
9.675470307930885
9.725120762401286
9.824941427273394
9.74049409552521
9.57118089380781
9.823183341645747
10.470485866726342
9.701286651970351
10.182894320059967
10.327272050046671
9.6623874679481
9.522571025307652
10.185668374123518
10.490334763603785
10.451821521042769
9.88538363338172
9.75033421169028
10.02738378798854
9.83723620839333
9.771297609715955
10.359628499974647
10.088498710025554
9.785588833087822
10.295326969262575
9.689707730661109
9.613166778776584
9.73266082617988
9.791448453982563
10.116938839326032
9.99776171347333
10.26407430433734
9.5195895235593
9.585640921221167
10.138942427906345
10.27003646630716
10.267795069850568
9.669303106719594
10.382308474722029
9.94734040794035
10.069630846610895
9.847912456187228
10.370083800194598
9.895395712051672
10.035229010790863
9.788310295456109
9.989507881130418
9.511043874092428
9.717904673175129
9.925301609413472
10.184923372351792
10.052040106423842
9.864769682052998
9.62887368350501
9.77585325030168
10.089443151005115
9.734668233388662
9.675749706896363
9.568318797685864
10.118020317510938
10.063623560162704
10.064882669694393
9.592686083943873
10.493344769559037
10.459266545788
10.07783973676477
9.967749995948537
9.655185273192155
10.4653075759862
9.933683099331928
9.571477652328502
9.823912016670457
10.155981126303349
9.735730861251415
10.258693312978707
10.145610155720938
10.04180288915601
10.404103134602728
10.484337145723915
9.81712121118841
10.297999375012497
9.504166602096939
9.621286635680889
9.906519320112182
10.278114898465564
9.627964250392147
10.245626377875015
10.2111694214816
9.582990903699125
9.926366441675839
9.74355161096425
9.795073220612935
10.06903321358941
9.961490645172871
9.91335199721487
