808.846
796.28
815.13
802.564
840.264
789.999
815.132
827.699
827.7
821.417
815.134
833.984
865.401
859.118
821.419
852.836
840.27
833.987
815.138
833.988
852.838
833.989
852.839
865.406
846.557
833.991
852.841
846.558
846.559
827.71
840.277
846.56
821.428
871.694
871.694
865.412
815.147
821.43
808.864
815.148
821.432
852.848
821.432
840.282
852.849
846.567
827.717
859.134
821.435
859.135
815.153
808.87
815.154
834.004
815.154
827.721
808.872
808.872
834.006
852.856
834.006
821.44
821.441
865.424
865.424
859.141
852.858
821.443
871.709
877.992
877.993
846.577
827.728
821.445
871.711
840.295
827.729
859.146
852.863
846.58
852.864
840.298
840.298
846.582
815.166
871.715
827.733
859.149
808.884
846.584
871.717
859.151
846.585
852.868
840.302
840.302
840.303
871.719
827.737
827.737
827.738
821.455
821.455
865.438
852.872
859.155
878.005
871.722
840.307
859.157
834.024
859.157
821.458
821.459
827.742
878.008
827.743
802.61
865.442
852.876
852.877
852.877
871.727
859.161
846.595
827.745
890.577
878.011
840.313
859.162
865.446
884.296
871.73
878.013
846.597
878.014
827.748
834.032
903.147
890.581
890.581
846.599
834.033
865.449
865.449
859.166
859.167
840.317
884.3
846.601
840.318
834.035
871.735
827.752
884.301
884.302
846.603
859.169
827.754
884.302
859.17
846.604
890.586
909.436
878.02
821.472
821.472
808.906
890.588
865.455
846.606
871.739
865.456
859.173
890.589
846.607
840.324
915.722
859.174
896.873
896.873
896.873
884.307
871.741
815.192
871.741
884.308
859.175
859.175
852.892
859.176
846.61
915.725
915.725
909.442
896.876
890.593
884.31
852.894
871.744
865.461
922.009
940.859
909.443
852.895
928.293
903.161
909.444
859.179
890.595
896.878
915.728
878.029
934.577
859.179
934.578
947.144
846.613
934.578
871.746
840.331
896.879
896.879
940.862
859.181
884.313
878.03
953.429
871.747
852.898
947.146
846.615
859.181
840.332
909.447
915.73
896.881
896.881
884.315
896.881
978.563
934.58
896.881
903.165
928.297
947.147
940.864
915.731
965.997
909.448
947.147
953.431
922.015
984.847
915.732
871.75
972.281
959.714
959.714
940.865
959.714
978.564
922.015
959.715
915.732
940.865
972.281
972.281
909.449
878.033
965.998
903.166
928.299
959.715
890.6
934.582
890.6
2907.39
1085.27
2090.58
2121.99
2913.67
2913.67
2586.95
-2219.69
2492.7
833.941
2649.78
2209.96
-177.651
2850.84
1719.87
2492.7
2027.75
1776.42
2882.26
-2924.59
1097.84
2832
2574.39
2737.75
2907.4
1971.2
2593.24
2888.55
2857.13
2530.41
2618.37
1845.54
2348.2
1782.71
645.454
2907.4
2844.57
2417.31
-410.12
2926.25
2775.46
1368.02
2913.69
2404.75
2794.31
1763.86
1581.65
2624.66
2794.31
2750.33
2794.31
-1635.34
1990.06
2919.97
1663.34
2838.29
796.258
2643.51
2700.06
2857.14
2473.87
-114.802
921.924
2744.05
2894.84
2304.23
2932.54
2926.26
2894.85
2304.23
2756.62
2385.91
-158.78
2876
928.211
1619.36
2700.07
789.982
1776.44
2499.01
-20.5476
2750.34
2718.92
2907.42
2731.49
2373.35
2819.45
2706.36
1801.58
2461.31
1920.96
2140.87
2505.3
2919.99
2913.7
2492.73
2907.42
2706.36
1908.4
2838.31
2744.06
1939.81
2813.18
2473.89
2140.88
2932.56
1707.34
1977.51
1801.59
2932.56
2492.74
2819.46
224.508
2832.03
2649.82
2882.3
2926.28
-108.499
2907.43
702.032
2304.24
369.024
2706.37
2530.44
2844.6
1518.85
2731.5
2260.27
2184.87
2932.57
2656.11
1248.67
-2999.17
2505.31
1254.96
2681.24
2618.41
2938.85
2517.88
-1421.68
2769.21
2825.76
2687.53
2574.43
2938.86
2932.57
2938.86
-805.922
2260.27
2480.18
2285.41
2700.1
2436.2
2938.86
2888.59
2800.63
2800.63
1141.87
2725.23
2517.89
2806.91
2750.37
2555.59
2071.78
2065.5
2706.38
1895.85
2882.31
2492.76
2813.2
2744.09
2945.15
2323.11
2147.18
2203.73
2775.5
2674.97
2681.26
2561.88
2781.79
2819.49
2945.15
2411.08
2857.19
1167.01
1914.71
2813.21
2813.21
2945.15
1047.63
2052.94
-761.925
2492.77
2907.46
846.572
2517.9
-359.799
965.953
2561.88
2888.61
2379.67
796.309
2920.03
884.274
2492.77
73.7439
2731.53
2762.95
2932.59
1996.4
2920.03
2951.44
1349.23
2794.37
1650.83
2945.16
2832.07
2945.16
808.881
2894.9
2794.37
2059.24
2103.22
2832.07
2907.47
2788.09
2888.62
381.628
2945.17
2951.45
2624.73
2379.68
1807.91
670.656
2926.32
921.984
2938.89
2122.07
2888.62
2461.37
2637.3
2429.95
-296.951
2367.12
2932.61
2499.07
2882.34
607.829
1324.11
2059.25
1512.61
2505.35
2637.3
-328.363
2932.61
2788.1
2850.93
2404.82
1619.43
2718.98
2467.66
2612.17
-1.6343
2486.51
1851.91
2838.37
2951.46
796.332
1116.77
2788.1
2517.93
2178.63
2775.54
2681.29
2957.75
2712.71
2863.5
2568.19
2951.47
2957.75
1675.98
2122.09
2876.07
2813.24
2436.25
255.984
702.091
2599.61
-523.13
2869.79
2197.49
783.774
2901.21
2901.21
2662.45
2681.3
2869.79
1751.39
2951.48
2957.76
915.724
475.901
2957.76
2731.57
2888.65
2555.64
1650.86
2675.02
136.612
2951.48
2096.97
2844.67
2951.48
2172.37
2731.57
2819.53
2932.63
2964.05
111.483
1726.26
2964.05
2002.72
-296.923
1192.19
2957.77
2235.2
2693.87
664.406
2492.81
174.318
2304.32
1927.33
2486.53
2254.05
2725.29
2876.09
2605.91
2461.4
2492.82
2894.94
2549.37
2524.23
2951.49
2731.58
2876.09
-1270.81
2964.06
2272.91
2404.86
2668.75
1606.89
2800.7
-447.709
2568.22
1613.18
2894.95
2750.43
419.373
2549.37
2348.31
2612.21
2894.95
2882.38
2624.77
2957.78
1632.03
2964.07
2951.5
-202.659
884.333
2970.35
2511.68
2844.69
-196.374
827.786
2316.9
2750.44
2587.08
2555.66
174.336
224.602
2863.54
595.311
1493.81
1361.86
2360.89
2084.43
1330.45
2857.26
2788.14
2857.26
2964.07
2926.38
2172.39
-711.588
2964.08
161.776
2920.09
1644.61
2932.66
2423.72
2800.72
2455.14
2662.49
1971.34
2781.87
2945.23
300.01
2467.71
2945.23
2568.24
2027.89
2920.1
2561.96
2970.37
2964.08
2241.52
2863.55
2825.85
2850.99
2499.13
2957.8
2794.44
1412.14
2750.46
2486.56
1820.55
2285.5
2247.8
325.15
2951.52
1412.14
1745.15
966.037
2128.43
-1886.53
2367.19
2561.97
2869.84
2976.66
2781.88
2536.84
2970.38
2681.35
2926.39
-988.03
808.763
852.745
852.744
865.31
865.309
789.91
884.157
771.059
777.342
821.323
796.19
890.437
783.622
815.037
846.452
827.602
833.884
865.3
871.582
758.484
764.766
846.447
890.429
859.012
859.011
783.612
821.31
815.027
884.141
821.308
833.874
846.439
733.341
846.438
745.906
783.604
871.568
871.568
783.602
827.584
796.167
796.166
739.617
727.05
821.297
745.898
739.614
739.613
752.178
752.178
764.743
808.725
808.724
745.891
789.873
771.022
777.305
802.437
808.719
802.435
802.434
733.318
745.884
764.733
758.449
764.731
745.881
701.897
714.463
695.613
796.143
783.575
796.141
771.007
733.307
727.023
739.589
814.986
745.87
764.719
720.736
689.319
727.017
770.999
789.848
789.847
745.864
714.447
714.446
720.728
714.444
708.16
720.726
739.574
758.423
758.422
683.023
701.872
745.853
701.87
720.719
701.868
714.434
714.433
708.149
726.997
733.28
739.562
664.163
739.56
708.143
726.992
745.841
683.008
733.272
701.856
739.554
689.287
739.552
701.852
733.267
670.434
664.15
664.149
726.98
670.43
752.111
745.827
689.277
701.843
695.559
689.274
657.858
726.972
714.404
714.403
733.252
714.401
739.533
676.7
745.814
701.831
689.264
689.263
708.112
720.677
720.676
651.56
670.409
720.673
720.672
695.538
670.405
739.519
714.385
708.101
720.666
689.249
645.266
695.53
701.813
708.095
670.395
714.376
708.092
695.524
657.824
664.107
701.805
726.936
689.236
682.952
708.084
701.8
689.232
708.081
638.965
638.964
695.511
638.961
664.093
638.959
689.224
638.957
682.939
657.805
682.936
682.935
695.501
676.65
676.649
645.232
645.231
651.513
651.512
657.794
657.793
670.358
670.357
676.639
657.789
670.354
638.937
632.653
682.917
632.651
645.216
682.914
645.214
645.213
657.778
651.494
632.643
613.792
620.074
620.073
620.072
670.337
664.052
638.918
582.369
638.916
651.481
651.48
632.63
657.761
645.194
607.493
613.775
620.057
626.34
613.772
626.337
601.203
632.618
588.635
594.917
645.181
607.481
601.196
594.912
651.459
607.476
607.475
607.474
626.322
601.188
626.32
576.053
632.6
632.599
582.333
638.88
601.18
607.462
607.46
613.742
576.042
588.607
569.756
620.021
613.736
620.018
601.168
582.317
588.599
569.748
569.747
563.462
607.443
607.442
569.742
594.873
569.739
613.72
613.719
582.302
