2011.97
2049.67
2011.97
1999.41
2024.54
2024.54
2043.39
2005.69
2005.69
2005.69
2043.39
2005.69
2018.26
2011.98
2018.26
2043.4
2037.11
2024.55
1980.56
1999.41
2005.7
1986.85
2055.97
2018.27
2037.12
2018.27
2018.27
2005.7
2055.97
2037.12
2049.69
1993.14
2024.55
2018.27
2024.55
2005.71
2005.71
2005.71
1980.57
1986.86
1986.86
2005.71
1986.86
1999.43
2005.71
2049.69
2024.56
2011.99
2011.99
2049.69
2012
1986.86
2012
1955.45
2030.85
1993.15
2030.85
2024.56
2043.41
1986.87
2030.85
2005.72
2062.27
2093.68
2093.68
2068.55
2055.98
2081.12
2055.98
2106.25
2062.27
2093.68
2055.99
2049.7
2106.25
2055.99
2049.7
2081.12
2055.99
2055.99
2049.71
2099.97
2037.14
2043.42
2074.84
2049.71
2074.84
2043.43
2037.14
2087.41
2156.52
2150.24
2112.54
2125.11
2162.81
2099.98
2150.24
2175.38
2131.39
2181.66
2175.38
2156.53
2150.24
2181.66
2175.38
2162.81
2187.94
2187.94
2219.36
2156.53
2194.23
2150.25
2175.38
2175.38
2175.38
2156.53
2162.81
2206.8
2194.23
2181.67
2238.21
2162.82
2187.95
2175.38
2150.25
2206.8
2181.67
2162.82
2175.38
2187.95
2194.23
2194.24
2181.67
2181.67
2200.52
2162.82
2200.52
2181.67
2175.39
2156.54
2162.82
2175.39
2169.11
2187.95
2181.67
2175.39
2169.11
2150.26
2169.11
2131.41
2187.96
2181.67
2156.54
2181.67
2162.82
2206.81
2238.22
2250.79
2225.66
2206.81
2225.66
2238.22
2250.79
2275.92
2238.23
2257.07
2244.51
2219.38
2225.66
2275.93
2238.23
2263.36
2250.79
2319.91
2351.32
2294.78
2370.17
2351.33
2370.17
2326.19
2319.91
2313.63
2294.78
2363.89
2363.89
2345.04
2345.04
2332.48
2301.06
2382.74
2294.78
2363.89
2345.04
2338.76
2326.2
2395.31
2382.74
2363.89
2326.2
2338.76
2401.59
2376.46
2382.75
2345.05
2370.18
2376.46
2332.48
2332.48
2357.61
2395.31
2301.06
2307.35
2363.9
2319.91
2332.48
2395.31
2395.31
2382.75
2376.46
2382.75
2363.9
2401.6
2395.31
2345.05
2338.77
2389.03
2357.62
2345.05
2338.77
2319.92
2407.88
2294.78
2401.6
2376.47
2426.73
2345.05
2319.92
2395.32
2382.75
2370.18
2370.18
2319.92
2370.18
2370.18
2382.75
2382.75
2382.75
2439.3
2376.47
2326.2
2345.05
2357.62
2407.88
2376.47
2395.32
2351.33
2539.83
2527.26
2502.13
2495.85
2502.13
2508.41
2564.96
2495.85
2539.83
2577.53
2590.1
2583.81
2640.36
2596.38
2678.06
2621.51
2640.36
2646.65
2558.68
2615.23
2546.11
6429.01
4512.64
5568.21
5656.18
6429.01
6429.01
6083.44
1515.56
5995.47
4380.69
6158.84
5731.58
3350.25
6372.47
5228.93
5970.34
5486.54
5222.64
6397.6
1132.29
4657.16
6347.34
6070.88
6253.09
6429.02
5455.12
6102.29
6403.89
6372.47
6045.75
6114.86
5354.6
5882.38
5279.2
3978.58
6422.74
6353.62
5938.93
2740.79
6441.59
6284.51
4851.94
6435.31
5920.09
6309.64
5298.05
5034.16
6133.72
6315.93
6265.66
6309.65
1842.3
5461.42
6435.31
5109.56
6353.63
4217.35
6152.57
6227.97
6372.48
5982.92
3758.68
4493.81
6271.95
6410.18
5800.71
6447.88
6441.6
6416.47
5832.13
6278.24
5894.96
3350.27
6391.34
4336.73
5040.45
6209.12
4317.89
5260.36
6008.06
3570.19
6265.67
6234.26
6416.47
6246.83
5857.27
6341.07
6221.69
5304.35
5957.8
5404.88
5649.93
6014.35
6435.32
6429.04
6008.07
6422.76
6221.7
5448.87
6359.93
6253.12
5436.3
6328.51
5964.09
5668.78
6454.18
5197.54
5417.45
5323.21
6454.18
6020.64
6347.37
3783.83
6353.65
6171.44
6391.35
6447.9
3406.84
6422.77
4211.09
5838.43
4116.84
6221.71
6020.65
6359.94
4996.49
6253.12
5775.6
5675.07
6454.19
6177.73
4644.63
-1016.52
6008.08
4650.91
6184.01
6140.03
6454.19
6052.07
1854.9
6290.83
6334.81
6196.58
6096.05
6460.48
6454.19
6460.48
2263.31
5769.33
5964.11
5781.89
6234.28
5913.84
6460.48
6410.21
6309.68
6328.53
4569.24
6246.85
6052.07
6322.25
6265.7
6045.79
5555.7
5568.27
6221.72
5398.62
6410.22
5982.96
6347.39
6259.42
6466.77
5869.87
5637.39
5681.37
6297.12
6190.31
6184.03
6058.36
6297.12
6347.39
6466.77
5913.85
6378.81
4581.82
5386.07
6334.83
6341.11
6466.77
4550.4
5580.85
2621.47
6014.39
6429.08
4305.36
6008.1
2910.49
4493.86
6064.65
6410.23
5882.44
4066.6
6447.93
4393.33
6020.67
3381.74
6253.15
6278.29
6454.21
5524.3
6447.93
6473.07
4720.06
6315.99
5034.22
6473.07
6347.4
6466.78
4185.99
6416.52
6315.99
5555.72
5605.99
6366.26
6429.09
6309.71
6410.24
3834.13
6466.79
6473.07
6133.78
5882.45
5298.12
4236.26
6447.94
4343.07
6466.79
5618.56
6410.24
5989.27
6165.2
5957.85
3174.4
5876.17
6460.51
6020.69
6403.96
4066.62
4864.58
5568.3
4958.83
6008.12
6165.2
3237.24
6460.51
6309.72
6385.12
5907.59
5128.48
6240.6
6014.41
6133.79
3689.63
6001.84
5436.36
6359.99
6473.08
4248.84
4563
6309.72
6001.85
5675.12
6284.59
6190.34
6485.65
6234.33
6385.12
6064.68
6479.37
6479.37
5065.66
5587.16
6403.98
6341.14
5976.72
3809.02
4072.91
6127.52
2784.86
6397.69
5668.85
4230
6429.11
6435.39
6184.07
6209.2
6397.7
5210.18
6479.38
6485.66
4380.8
3991.24
6485.66
6259.47
6422.83
6052.12
5090.8
6190.36
3570.27
6479.38
5593.45
6366.29
6479.38
5656.29
6253.19
6353.72
6460.54
6491.95
3369.21
5241.6
6491.95
5543.19
3130.45
4757.79
6485.67
5731.69
6221.78
4035.23
5970.45
3746.2
5794.52
5448.95
6052.13
5750.54
6246.91
6403.99
6127.53
5976.74
6001.87
6429.13
6039.57
6064.7
6485.68
6246.92
6410.28
1082.14
6491.96
5788.25
5932.76
6196.65
5115.95
6341.17
3337.81
6070.99
5021.7
6429.13
6278.34
3777.63
6027.01
5851.08
6114.98
6429.14
6410.29
6146.39
6485.69
5141.08
6491.97
6485.69
3231
4368.25
6498.25
6045.86
6372.59
3293.83
4280.29
5825.95
6265.78
6108.7
6058.43
3626.84
3834.19
6404.01
4104.36
4946.31
4789.23
5869.94
5593.48
4820.65
6397.73
6309.77
6378.88
6491.98
6460.56
5668.88
2722.07
6498.26
3620.56
6448
5115.96
6460.57
5945.34
6316.05
5989.33
6177.82
5524.37
6322.34
6473.13
3827.91
5989.33
6473.13
6083.58
5530.66
6454.29
6064.73
6504.55
6498.27
5756.85
6385.17
6372.61
6372.61
6027.03
6491.99
6322.34
4958.89
6290.93
5970.49
5310.75
5800.84
5738.01
3928.45
6485.71
4940.05
5172.52
4456.24
5662.61
1603.68
5863.68
6064.74
6391.46
6510.84
6309.78
6039.61
6504.56
6202.97
6466.86
2690.67
2520.83
2545.96
2571.09
2464.28
2602.51
2533.39
2476.84
2388.87
2426.57
2445.42
2432.85
2420.29
2326.04
2351.17
2263.21
2263.21
2288.34
2326.04
2344.88
2244.35
2244.35
2319.75
2250.63
2225.5
2250.63
2294.61
2206.65
2225.5
2307.18
2238.06
2263.19
2288.33
2181.51
2294.61
2206.64
2256.91
2231.77
2244.34
2263.19
2200.36
2187.79
2194.07
2244.34
2238.05
2238.05
2269.47
2275.75
2080.97
2093.53
2099.82
2112.38
2168.93
2087.25
2124.95
2074.68
2162.64
2087.24
2112.38
2124.94
2124.94
2131.22
2074.67
2074.67
2112.37
2106.09
2124.94
2112.37
2068.39
2099.8
2068.38
2099.8
2093.52
2093.51
2074.66
2049.53
2062.1
2062.1
2150.06
2087.23
2036.96
2087.22
2055.81
2018.11
2055.81
2080.94
2080.94
2055.8
2112.35
2118.63
2124.92
2036.95
2131.2
2049.52
2080.93
2024.38
2118.63
2043.23
2062.08
2112.34
2074.64
2018.09
2106.06
2036.94
2030.66
2036.94
2062.07
2068.35
2080.92
1930.12
2005.52
1980.38
1917.55
2011.8
1961.53
1948.96
1917.55
1948.96
2087.19
2062.06
2024.36
1974.09
1917.54
1923.82
1936.39
1842.14
1873.56
1867.27
1867.27
1904.97
1848.42
1835.85
1835.85
1823.28
1810.72
1886.11
1879.83
1823.28
1886.11
1842.13
1867.26
1867.26
1829.56
1886.11
1829.56
1848.41
1867.25
1804.42
1729.02
1829.55
1747.87
1754.15
1735.3
1785.57
1791.85
1773
1773
1716.45
1747.86
1716.45
1697.59
1634.76
1710.16
1678.74
1729.01
1735.29
1666.17
1697.59
1710.15
1672.45
1703.87
1678.73
1678.73
1703.86
1710.15
1710.15
1710.15
1659.88
1672.44
1659.88
1678.73
1653.59
1628.46
1615.89
1647.3
1615.89
1672.44
1622.17
1628.45
1647.3
1622.17
1634.73
1615.88
1609.6
1634.73
1641.01
1634.73
1647.29
1647.29
1672.42
1603.31
1659.85
1672.42
1641
1647.28
1628.43
1659.85
1659.85
1653.56
1691.26
1622.14
1647.28
1647.28
1640.99
1615.86
1634.71
1647.27
1659.84
1653.55
1647.27
1628.42
1584.43
1640.98
1590.71
1603.28
1634.69
1615.84
1603.28
1628.41
1647.26
1590.71
1603.27
1659.82
1609.55
1647.25
1678.67
1634.68
1603.26
1634.68
1609.55
1609.54
1603.26
1596.98
1571.84
1559.27
1571.84
1578.12
1565.55
1596.97
1546.7
1609.53
1622.1
1571.83
1584.4
1596.96
1546.69
1546.69
1559.26
1534.12
1552.97
1565.54
1603.24
1552.97
1578.1
1552.97
1603.23
1565.53
1596.95
1609.51
1596.94
1596.94
1546.68
1565.52
1596.94
1571.8
1565.52
1565.52
1590.65
