3846.85
3840.56
3853.13
3846.85
3834.28
3828
3859.42
3821.72
3821.72
3865.7
3865.7
3828
3853.14
3846.85
3859.42
3846.85
3846.85
3884.55
3859.42
3834.29
3846.86
3834.29
3853.14
3865.71
3853.14
3834.29
3859.42
3890.84
3890.84
3878.28
3884.56
3846.86
3878.28
3871.99
3865.71
3859.43
3865.71
3865.71
3853.15
3865.71
3865.71
3840.58
3878.28
3834.3
3846.87
3846.87
3878.28
3846.87
3872
3853.15
3872
3859.44
3872
3878.29
3859.44
3872
3859.44
3859.44
3884.57
3846.87
3878.29
3865.72
3865.72
3865.72
3853.16
3859.44
3859.44
3872.01
3859.44
3878.29
3878.29
3846.88
3872.01
3878.29
3872.01
3897.14
3834.31
3859.45
3903.43
3846.88
3853.16
3840.6
3840.6
3840.6
3865.73
3865.73
3828.03
3853.17
3872.02
3846.88
3859.45
3865.73
3897.15
3853.17
3897.15
3846.89
3840.6
3865.74
3821.75
3890.87
3828.04
3878.3
3884.59
3859.45
3846.89
3853.17
3872.02
3853.17
3903.44
3853.17
3828.04
3853.17
3878.31
3878.31
3884.59
3872.02
3890.87
3865.74
3853.18
3859.46
3909.72
3840.61
3865.74
3859.46
3840.61
3890.88
3884.59
3872.03
3834.33
3853.18
3872.03
3890.88
3859.46
3884.6
3846.9
3865.75
3834.33
3897.16
3890.88
3878.31
3878.31
3916.01
3897.16
3872.03
3865.75
3846.9
3853.18
3903.45
3872.03
3834.33
3909.73
3903.45
3853.18
3884.6
3884.6
3878.32
3846.9
3859.47
3903.45
3884.6
3922.3
3853.19
3878.32
3916.02
3865.75
3897.17
3890.89
3890.89
3884.6
3865.75
3916.02
3865.75
3865.75
3853.19
3878.32
3853.19
3916.02
3909.74
3859.47
3890.89
3897.17
3897.17
3884.61
3865.76
3884.61
3859.47
3865.76
3859.47
3928.59
3934.87
3840.63
3916.02
3909.74
3903.46
3903.46
3897.17
3890.89
3884.61
3941.16
3865.76
3941.16
3916.03
3934.87
3897.18
3846.91
3916.03
3909.74
3903.46
3853.19
3884.61
3890.89
3903.46
3865.76
3934.88
3859.48
3928.59
3934.88
3922.31
3922.31
3865.76
3834.35
3890.9
3890.9
3947.44
3947.44
3878.33
3865.76
3947.44
3878.33
3853.2
3953.73
3934.88
3859.48
3928.6
3897.18
3916.03
3903.46
3897.18
3884.61
3878.33
3978.86
3928.6
3884.61
3903.46
3928.6
3934.88
3934.88
3909.75
3960.01
3916.03
3916.03
3953.73
3909.75
3985.15
3909.75
3972.58
3960.01
3960.01
3947.45
3941.16
3941.16
3960.01
3916.03
3947.45
3897.18
3934.88
3947.45
3972.58
3890.9
3865.77
3966.3
3903.47
3916.03
3947.45
3991.43
3928.6
4010.28
5895.12
3840.52
5009.19
5178.84
5895.12
5907.69
5530.7
1949.28
5499.28
4054.15
5662.65
5254.24
2571.32
5832.29
4814.42
5436.45
5009.2
4814.42
5863.71
1716.81
4305.48
5832.3
5568.4
5738.05
5901.41
4958.94
5599.82
5870
5851.15
5524.42
5568.41
4902.39
5329.65
4801.86
3576.64
5882.57
5813.45
5417.61
2106.37
5913.98
5756.91
4493.99
5901.42
5442.75
5800.89
4713.9
4688.77
5612.39
5782.04
5763.19
5782.04
2263.46
5034.34
5913.99
4537.97
5838.59
3394.43
5599.83
5668.95
5838.59
5480.45
3620.63
3947.36
5763.2
5888.86
5241.69
5920.28
5907.71
5882.58
5361.07
5756.92
5417.62
2722.14
5857.45
4041.61
4500.28
5675.24
3890.81
4701.34
5530.72
3337.89
5738.07
5738.07
5888.87
5750.64
5291.97
5826.04
5712.94
4745.33
5493.03
4858.43
5122.32
5543.29
5914
5895.15
5442.77
5895.15
5700.38
5015.51
5819.76
5712.94
4971.53
5819.76
5474.18
5078.34
5920.29
4783.03
4896.13
4914.98
5926.58
5543.3
5807.2
3432.15
5819.76
5624.98
5857.46
5907.73
2364.01
5882.6
3513.84
5367.38
3796.58
5687.82
5467.91
5844.9
4550.56
5744.37
5204.02
5141.18
5914.02
5668.97
4010.21
1936.76
5474.19
4280.39
5675.26
5618.71
5926.59
5480.48
1829.95
5782.07
5819.77
5656.41
5612.43
5926.59
5914.02
5926.59
805.793
5210.31
5405.08
5291.99
5681.55
5361.1
5926.59
5870.04
5775.79
5763.23
4142.17
5744.38
5562.17
5813.5
5756.95
5555.89
5009.25
4977.83
5719.25
4864.74
5870.05
5436.51
5800.93
5744.38
5932.88
5392.53
5059.52
5197.75
5788.37
5668.99
5694.12
5518.19
5788.37
5800.94
5932.88
5348.55
5857.49
3959.96
4908.73
5819.79
5788.37
5939.17
4110.76
5015.54
2659.35
5455.37
5907.76
3997.67
5537.05
2200.68
4249
5593.6
5882.62
5335.99
3865.72
5901.48
4135.9
5486.79
2665.64
5687.85
5763.25
5926.61
5046.96
5920.33
5939.18
4066.79
5756.97
4531.75
5939.18
5794.67
5932.9
4054.22
5870.07
5800.95
5109.8
5053.25
5844.93
5888.92
5782.1
5882.63
3652.1
5939.18
5939.18
5631.31
5317.15
4783.08
3557.86
5901.49
3589.27
5926.62
5109.81
5863.79
5423.97
5612.46
5480.52
3136.89
5323.44
5926.62
5461.67
5857.51
3337.95
4468.93
5128.66
4443.79
5449.1
5606.18
2521.14
5926.63
5788.4
5838.66
5430.26
4720.26
5725.57
5486.81
5650.17
2659.37
5436.54
4952.74
5838.67
5939.2
3721.23
4117.07
5788.4
5486.81
5147.52
5738.14
5625.04
5945.48
5713.01
5832.39
5574.78
5939.2
5945.48
4651.15
5072.12
5876.37
5813.54
5405.13
2929.56
3319.12
5612.48
1924.25
5876.37
5078.41
3576.73
5888.94
5882.66
5675.31
5694.16
5876.38
4770.54
5945.49
5945.49
3633.28
3319.12
5951.78
5750.71
5895.23
5555.94
4538.06
5687.88
3570.45
5945.5
5153.81
5851.25
5945.5
5185.23
5681.6
5838.68
5926.65
5951.78
2659.39
4764.26
5951.78
4965.32
3136.92
4186.21
5945.5
5254.35
5675.32
3394.53
5424
3583.02
5235.5
5003.03
5555.95
5273.2
5738.16
5857.54
5625.06
5511.97
5455.42
5882.67
5505.68
5518.25
5945.51
5694.18
5882.68
1339.93
5958.07
5266.92
5392.59
5631.35
4714.01
5801
2571.44
5530.82
4544.36
5882.68
5731.88
3507.64
5493.12
5304.63
5574.81
5882.68
5857.55
5587.37
5945.51
4600.91
5951.8
5951.8
1917.99
3784.1
5958.08
5549.68
5832.42
3155.78
4117.11
5342.33
5725.61
5612.51
5555.96
2602.87
3243.75
5870.12
3752.69
4349.59
4179.95
5411.45
5028.18
4437.56
5870.13
5775.88
5832.43
5951.81
5907.83
5078.45
2979.86
5951.81
2715.97
5895.26
4494.11
5907.83
5386.32
5801.01
5486.86
5669.07
5097.3
5744.47
5926.68
3212.34
5455.44
5926.68
5530.84
4996.77
5901.55
5511.99
5958.1
5951.82
5210.4
5838.72
5838.72
5826.15
5461.73
5945.54
5775.89
4600.93
5757.04
5405.18
4921.38
5229.25
5229.25
3055.27
5932.97
4544.39
4575.8
4054.3
5191.56
211.279
5380.05
5574.83
5863.86
5964.39
5744.48
5549.7
5951.83
5643.95
5926.69
2879.35
3941.01
3840.48
3846.76
3865.61
3865.61
3790.21
3878.17
3890.74
3790.21
3809.06
3909.59
3884.45
3903.3
3802.77
3840.47
3821.62
3834.18
3859.31
3865.6
3758.78
3878.16
3840.46
3884.44
3846.74
3859.31
3790.19
3802.76
3809.04
3878.16
3809.04
3815.32
3733.64
3846.74
3846.74
3853.02
3777.62
3865.58
3765.05
3771.33
3821.6
3790.18
3796.46
3840.45
3827.88
3821.6
3733.63
3733.63
3746.19
3746.19
3739.91
3752.48
3802.74
3809.02
3834.15
3777.6
3765.04
3777.6
3796.45
3802.73
3796.45
3809.02
3739.9
3727.33
3765.03
3739.9
3758.75
3746.18
3796.44
3714.76
3783.88
3783.88
3790.16
3796.44
3771.31
3733.61
3727.32
3727.32
3809
3739.89
3777.58
3802.72
3777.58
3714.75
3771.3
3783.86
3783.86
3739.88
3790.14
3790.14
3721.03
3802.71
3714.74
3714.74
3733.59
3765.01
3752.44
3765
3777.57
3746.15
3695.89
3714.73
3783.85
3790.13
3708.45
3702.16
3727.3
3733.58
3733.58
3746.14
3739.86
3714.73
3727.29
3733.57
3689.59
3739.85
3702.15
3733.57
3764.98
3746.13
3702.15
3727.28
3746.13
3733.56
3739.85
3727.28
3752.41
3739.84
3746.13
3771.26
3708.43
3771.26
3689.57
3739.84
3720.99
3708.42
3702.14
3733.55
3702.13
3727.27
3677
3746.11
3689.56
3758.68
3689.56
3708.41
3720.98
3720.98
3727.26
3733.54
3714.69
3720.97
3689.55
3739.82
3739.82
3714.68
3708.4
3720.97
3689.55
3720.96
3689.55
3702.11
3702.11
3670.69
3714.68
3708.39
3689.54
3664.41
3733.52
3695.82
3714.67
3695.82
3739.8
3708.38
3689.53
3695.82
3695.81
3702.1
3702.1
3683.24
3708.38
3658.11
3702.09
3689.52
3702.09
3670.67
3651.82
3676.95
3683.24
3689.52
3664.38
3664.38
3639.25
3645.53
3708.36
3720.93
3658.09
3664.38
3664.38
3670.66
3664.37
3658.09
3664.37
3639.24
3689.5
3676.93
3639.23
3639.23
3683.21
3651.8
3658.08
3658.08
3645.51
3632.94
3670.64
3676.92
3676.92
3676.92
3670.64
3664.35
3632.94
3645.5
3645.5
3645.5
3645.5
3626.65
3658.06
3639.21
3664.34
3664.34
3670.62
3683.19
3676.91
3626.64
3658.05
3632.92
3639.2
3664.33
3645.48
3670.61
3664.33
3658.05
3708.31
3676.89
3664.33
3664.32
3676.89
3664.32
3626.62
3632.9
3632.9
3639.18
3639.18
3645.47
3658.03
3658.03
3658.03
3664.31
3632.89
3639.18
3626.61
3670.59
3607.76
3670.59
3601.47
3632.88
3639.17
3620.32
3620.31
3614.03
3658.01
3607.74
3620.31
3645.44
3620.31
3614.02
3607.74
3632.87
