0.17968
-0.238739
-0.258759
0.402903
-0.401902
0.0385385
0.114615
0.0285285
0.365866
-0.366867
-0.0125125
0.248749
-0.487988
0.200701
0.214715
-0.387888
-0.176677
-0.0455455
0.122623
-0.21972
0.0675676
0.142643
0.373874
0.145646
0.205706
-0.00850851
0.381882
0.0545546
0.208709
-0.0105105
0.337838
0.43994
0.316817
-0.466967
0.351852
-0.314815
0.461962
-0.0045045
0.31982
0.0945946
-0.222723
0.417918
0.258759
0.340841
0.0525526
0.40991
0.106607
0.264765
0.0855856
0.485986
0.0825826
0.0155155
-0.184685
0.210711
0.257758
-0.104605
0.315816
0.481982
0.206707
0.00650651
0.252753
-0.0225225
0.432933
0.0305305
0.270771
0.137638
0.154655
-0.0845846
0.187688
-0.0025025
-0.0855856
0.320821
0.25976
-0.0375375
-0.425926
-0.135636
-0.368869
-0.350851
-0.0745746
-0.0015015
-0.182683
0.160661
0.262763
0.421922
-0.221722
-0.398899
0.173674
-0.252753
0.435936
0.0875876
0.0445445
0.483984
-0.188689
0.441942
-0.0595596
-0.00550551
0.322823
-0.34985
-0.20971
0.10961
0.0335335
0.466967
0.33984
0.0975976
-0.381882
0.482983
-0.393894
0.345846
-0.457958
0.227728
-0.22973
0.405906
0.295796
0.3999
0.486987
-0.0255255
0.280781
0.0645646
-0.215716
-0.402903
0.0835836
-0.0245245
-0.127628
0.201702
0.0135135
0.343844
-0.138639
0.325826
0.265766
-0.455956
0.391892
0.484985
0.0815816
0.0565566
-0.00950951
0.207708
0.430931
0.497998
0.278779
0.274775
0.0485485
0.423924
0.390891
0.194695
0.400901
-0.0515516
-0.102603
0.472973
0.450951
0.0595596
0.165666
0.392893
0.215716
-0.177678
0.333834
0.261762
0.178679
0.0915916
0.0905906
0.414915
0.331832
-0.448949
0.298799
0.148649
0.141642
0.107608
-0.174675
-0.168669
0.232733
0.491992
0.266767
0.361862
0.436937
0.357858
0.463964
-0.0355355
-0.484985
0.128629
-0.171672
0.157658
-0.0825826
-0.318819
-0.48999
0.5
0.113614
0.308809
0.111612
0.304805
0.356857
0.425926
0.0785786
0.221722
-0.307808
0.228729
0.28979
0.457958
0.0925926
0.190691
-0.301802
-0.0345345
0.245746
-0.281782
0.134635
-0.16967
0.455956
0.255756
0.166667
0.326827
0.103604
0.496997
0.181682
0.415916
0.388889
0.42993
-0.142643
0.22973
0.41992
0.184685
0.307808
0.488989
0.0165165
0.305806
0.334835
0.395896
-0.0565566
-0.342843
0.45996
0.480981
0.464965
0.116617
-0.0215215
-0.247748
0.422923
0.144645
0.352853
0.13964
0.147648
0.32983
-0.261762
0.347848
0.47998
0.438939
0.136637
0.0405405
-0.442943
0.100601
0.152653
0.12963
-0.251752
-0.12963
-0.486987
0.336837
0.493994
0.452953
0.335836
-0.167668
0.371872
0.1997
0.284785
-0.467968
0.0655656
0.243744
0.118619
0.242743
0.445946
0.475976
0.473974
0.251752
-0.0715716
-0.185686
0.247748
0.0555556
-0.11962
0.0175175
0.341842
0.212713
0.34985
0.186687
0.117618
-0.325826
0.230731
0.0705706
0.0965966
-0.0325325
0.0615616
-0.214715
0.301802
0.0325325
-0.321822
0.408909
0.377878
-0.194695
-0.0035035
-0.173674
-0.0925926
0.131632
0.477978
0.387888
0.177678
-0.200701
-0.0895896
0.170671
0.0455455
-0.112613
-0.235736
-0.357858
-0.283784
0.401902
0.226727
-0.0285285
0.344845
-0.431932
0.454955
0.185686
0.327828
0.172673
0.0505506
0.413914
0.273774
0.418919
-0.28979
0.470971
0.102603
0.444945
-0.175676
0.313814
0.0145145
-0.374875
-0.496997
-0.371872
0.407908
-0.333834
-0.416917
0.110611
0.374875
0.290791
0.453954
0.161662
0.15966
-0.40991
0.277778
0.36987
0.382883
0.30981
-0.445946
0.202703
0.218719
0.494995
-0.13964
0.0465465
0.0995996
-0.226727
0.204705
0.244745
-0.42993
-0.197698
-0.351852
-0.123624
-0.424925
0.35986
-0.473974
0.198699
0.317818
0.163664
0.468969
0.225726
-0.2998
-0.0195195
-0.403904
0.420921
0.324825
0.108609
0.0625626
0.378879
0.112613
-0.244745
0.213714
0.358859
-0.310811
-0.120621
0.293794
-0.180681
0.20971
-0.45996
0.427928
0.138639
0.26977
0.397898
-0.111612
-0.107608
-0.462963
0.332833
0.241742
0.180681
-0.474975
-0.355856
0.0935936
0.151652
-0.432933
0.416917
0.0795796
0.398899
0.0765766
-0.400901
0.328829
-0.497998
-0.375876
0.272773
0.406907
-0.331832
-0.260761
0.306807
0.478979
0.150651
0.125626
-0.18969
0.0345345
-0.161662
-0.0995996
0.0605606
-0.144645
0.287788
0.11962
0.164665
0.127628
-0.0965966
-0.204705
-0.114615
-0.0165165
-0.41992
0.158659
-0.275776
0.424925
0.375876
-0.477978
-0.286787
0.393894
-0.456957
0.271772
0.443944
-0.308809
0.16967
-0.0625626
0.0845846
0.451952
0.294795
0.268769
0.372873
-0.0235235
0.188689
0.370871
0.0105105
0.143644
0.300801
-0.206707
0.0495495
-0.211712
-0.405906
-0.14965
0.495996
-0.0395395
0.21972
0.197698
0.2998
0.38989
0.174675
0.288789
0.37988
0.235736
-0.0695696
-0.218719
0.323824
-0.427928
0.442943
0.123624
0.0355355
0.394895
-0.417918
-0.480981
-0.418919
-0.354855
-0.0185185
-0.0955956
0.223724
0.233734
-0.3999
-0.198699
0.0235235
-0.27978
-0.287788
-0.245746
0.133634
-0.35986
0.140641
0.350851
-0.414915
-0.37988
0.297798
-0.0295295
0.447948
-0.0315315
0.0015015
0.195696
0.192693
-0.141642
-0.193694
0.283784
-0.272773
-0.435936
0.285786
0.191692
0.282783
-0.103604
-0.5
-0.280781
0.263764
-0.0885886
0.490991
-0.0145145
0.0225225
0.182683
-0.125626
0.440941
0.467968
-0.17968
-0.154655
0.27978
-0.157658
0.362863
0.292793
0.0805806
0.0315315
-0.412913
-0.372873
-0.106607
-0.438939
-0.284785
-0.0465465
0.492993
0.0215215
-0.160661
-0.0975976
0.0695696
0.303804
-0.210711
-0.358859
0.220721
0.426927
0.0375375
0.385886
0.456957
-0.0415415
0.366867
-0.0935936
-0.430931
-0.117618
-0.291792
0.411912
-0.0835836
0.291792
-0.101602
-0.386887
-0.183684
-0.172673
0.0195195
-0.295796
-0.346847
-0.201702
-0.274775
-0.265766
-0.202703
-0.257758
-0.0605606
-0.444945
-0.302803
-0.277778
-0.328829
-0.36987
0.465966
-0.353854
-0.266767
-0.423924
-0.338839
-0.32983
-0.453954
0.0425425
-0.410911
-0.362863
0.0955956
-0.311812
0.246747
0.410911
0.0185185
-0.434935
0.355856
-0.105606
0.196697
-0.124625
-0.485986
0.105606
-0.288789
-0.363864
0.354855
-0.392893
-0.140641
-0.330831
-0.493994
-0.334835
-0.137638
-0.30981
-0.452953
0.0515516
-0.164665
-0.415916
-0.0485485
-0.0725726
-0.156657
0.0575576
-0.26977
0.156657
-0.100601
0.498999
-0.231732
-0.0645646
0.121622
0.0985986
-0.256757
-0.315816
0.376877
-0.134635
-0.498999
0.0535536
-0.216717
-0.364865
-0.148649
-0.316817
-0.10961
0.353854
-0.205706
0.0115115
0.487988
-0.332833
0.348849
-0.285786
-0.263764
0.458959
-0.0875876
0.126627
-0.147648
-0.476977
0.360861
-0.23974
-0.262763
-0.420921
0.44995
-0.344845
-0.217718
0.168669
-0.300801
-0.322823
-0.268769
-0.470971
0.162663
-0.186687
-0.116617
-0.296797
-0.136637
-0.212713
-0.150651
-0.463964
-0.313814
0.302803
-0.294795
-0.0945946
-0.0425425
0.363864
0.434935
0.0895896
-0.352853
0.24975
0.330831
-0.132633
0.0585586
-0.348849
-0.250751
-0.273774
-0.327828
-0.324825
-0.0305305
0.18969
0.0415415
-0.130631
-0.437938
0.216717
0.0865866
-0.460961
-0.131632
0.253754
-0.345846
-0.395896
-0.488989
-0.118619
-0.0335335
-0.407908
0.428929
-0.0755756
0.433934
-0.208709
-0.478979
-0.373874
0.175676
-0.1997
-0.0405405
-0.233734
-0.305806
-0.0635636
-0.230731
-0.0815816
-0.242743
0.403904
0.462963
0.14965
0.312813
-0.0365365
0.364865
0.0395395
-0.0685686
-0.326827
-0.240741
-0.361862
-0.391892
-0.413914
-0.165666
0.0685686
0.234735
-0.382883
-0.312813
-0.00650651
-0.254755
0.23974
-0.471972
-0.220721
0.314815
-0.0865866
0.446947
-0.143644
-0.397898
-0.153654
0.0715716
-0.490991
0.240741
0.120621
0.460961
-0.383884
-0.0155155
0.238739
0.256757
0.0665666
-0.421922
-0.234735
-0.376877
-0.228729
-0.43994
0.384885
-0.170671
0.104605
-0.482983
-0.15966
-0.255756
-0.454955
-0.0655656
0.146647
0.0745746
-0.270771
0.236737
-0.190691
-0.0665666
-0.320821
-0.380881
-0.00750751
0.342843
0.281782
-0.343844
-0.0795796
0.167668
0.48999
0.222723
0.310811
-0.390891
-0.0555556
0.346847
-0.394895
0.130631
0.0775776
-0.0545546
-0.441942
0.132633
0.217718
-0.367868
-0.0805806
-0.377878
0.211712
0.171672
-0.297798
-0.181682
-0.178679
-0.243744
0.0245245
-0.282783
-0.396897
-0.0205205
0.0205205
-0.378879
-0.0275275
-0.126627
-0.155656
-0.428929
-0.492993
0.46997
-0.458959
0.448949
0.321822
-0.25976
-0.443944
-0.213714
-0.494995
0.153654
-0.0115115
-0.246747
-0.151652
-0.370871
0.311812
-0.450951
0.296797
-0.0735736
-0.472973
-0.292793
-0.365866
0.318819
-0.422923
-0.162663
0.231732
-0.248749
-0.0535536
0.00550551
-0.446947
-0.290791
-0.426927
-0.133634
-0.464965
-0.447948
-0.465966
0.286787
-0.360861
0.0265265
0.0365365
-0.337838
-0.38989
0.367868
-0.384885
-0.195696
-0.145646
-0.440941
-0.306807
0.0275275
0.0035035
0.404905
0.237738
-0.495996
-0.44995
-0.341842
0.267768
0.203704
-0.0705706
-0.303804
0.0435435
0.250751
-0.481982
0.412913
-0.236737
0.380881
0.0025025
0.0255255
0.383884
-0.385886
-0.253754
0.386887
0.0735736
0.471972
-0.491992
-0.298799
-0.0385385
-0.0905906
-0.335836
0.437938
-0.304805
0.396897
-0.110611
0.00850851
-0.0575576
-0.241742
0.0635636
-0.166667
-0.317818
0.0725726
-0.47998
-0.0915916
-0.475976
0.115616
-0.0985986
-0.267768
-0.146647
-0.207708
0.224725
0.00950951
-0.0675676
-0.0495495
0.183684
-0.224725
-0.203704
-0.347848
-0.113614
-0.227728
0.0045045
0.135636
0.368869
-0.192693
0.124625
-0.0525526
-0.0135135
0.101602
0.431932
-0.0475475
-0.271772
-0.46997
-0.411912
-0.293794
-0.000500501
-0.0435435
-0.461962
-0.225726
-0.406907
-0.128629
-0.451952
-0.115616
-0.223724
0.254755
-0.356857
-0.278779
-0.433934
0.275776
-0.191692
-0.0775776
-0.0175175
-0.187688
-0.24975
-0.232733
0.193694
-0.0445445
-0.336837
-0.0765766
0.260761
-0.108609
-0.121622
-0.323824
-0.388889
-0.152653
-0.264765
0.000500501
0.00750751
-0.31982
-0.483984
-0.196697
0.0295295
0.474975
-0.436937
0.476977
-0.468969
-0.0505506
-0.276777
-0.237738
0.0885886
0.0475475
-0.158659
0.276777
0.0755756
0.176677
-0.0615616
-0.408909
-0.0585586
-0.33984
0.155656
-0.340841
0.0125125
-0.0265265
-0.163664
0.338839
-0.122623
-0.0785786
-0.404905
