531.977
374.772
425.03
915.287
437.535
871.235
877.538
795.834
865.017
500.383
3472.46
645.088
324.396
670.211
632.515
456.391
531.875
280.592
689.044
688.939
676.464
770.73
896.434
827.279
839.858
3296.53
921.568
305.753
663.93
-643.026
783.332
827.327
802.179
368.389
802.184
406.158
833.612
5011.84
802.179
896.382
399.911
808.475
707.921
827.315
469.115
890.155
619.925
770.754
764.433
921.578
814.698
2523.71
651.253
896.408
789.603
770.661
858.727
852.463
858.708
500.518
852.434
-295.742
846.175
1059.73
795.888
487.986
795.865
393.677
802.156
2240.96
249.163
783.33
795.886
745.55
443.807
676.403
437.55
456.408
374.83
5558.48
720.369
921.53
789.603
865.024
594.69
437.536
651.356
456.448
890.158
682.752
387.432
909.012
619.836
946.707
952.888
5765.82
877.578
494.107
487.881
758.156
-102.66
883.878
846.164
770.719
500.376
909.012
450.105
808.466
393.526
695.349
644.953
865.022
833.591
858.738
833.614
161.217
821.022
356.021
607.259
462.667
632.486
450.244
783.22
626.229
330.874
877.581
437.641
751.914
783.321
399.81
877.587
852.463
651.335
-27.2557
5514.5
751.894
827.326
940.429
902.704
839.871
418.849
821.042
795.905
852.423
852.455
180.059
940.308
896.445
846.177
550.798
745.602
909.003
733.046
519.309
896.429
795.887
619.941
1047.18
896.381
814.758
821.03
431.23
802.176
575.953
575.951
670.191
469.044
613.56
695.35
971.844
852.436
808.468
877.592
890.149
871.311
475.373
412.362
707.895
594.709
758.167
311.996
487.837
336.962
940.429
607.36
858.726
469.13
808.46
871.299
883.874
588.502
770.746
519.258
877.562
739.343
883.877
638.771
758.174
481.561
90.2537
720.485
525.552
808.427
456.48
871.31
726.77
707.903
751.915
846.119
915.296
795.871
821.041
865.02
896.441
582.153
871.279
852.457
651.359
827.31
909.012
531.937
770.761
871.296
865.021
908.907
481.544
896.444
883.879
858.745
701.609
1304.76
500.433
883.874
544.536
795.901
695.331
519.404
827.313
538.126
770.767
877.596
858.742
676.481
462.829
393.533
852.402
726.75
601.081
487.865
531.892
393.512
865.013
934.145
946.708
821.031
644.976
927.85
689.061
789.607
368.389
324.605
795.883
594.795
758.184
877.593
902.728
883.878
833.584
500.495
437.624
751.902
770.709
374.816
2335.21
751.917
733.046
902.714
676.492
531.963
468.985
707.916
607.35
833.551
-567.634
205.224
600.976
821.026
-756.818
475.27
915.288
877.585
619.833
5269.45
751.788
412.524
726.745
915.295
902.719
739.322
556.999
261.728
833.568
1210.53
776.942
519.287
525.519
469.002
865.022
645.084
-476.4
739.351
431.238
865.027
676.492
808.463
764.453
613.628
902.722
739.34
946.705
600.947
902.728
984.349
890.159
519.309
921.559
795.315
406.131
355.808
512.947
802.191
431.282
481.51
720.457
833.603
751.909
971.841
569.672
714.185
456.381
720.491
764.487
896.435
846.16
387.249
802.159
682.781
909.013
481.623
-123.121
1003.2
494.158
739.327
707.919
431.239
525.584
418.708
626.142
418.675
795.902
424.934
701.627
789.612
676.487
883.878
733.048
531.827
-524.769
355.853
839.891
745.631
839.837
676.463
883.869
487.98
663.797
777.028
877.583
506.69
613.576
802.175
381.077
726.762
368.392
896.44
651.349
770.755
839.889
387.385
538.182
437.506
858.73
927.83
802.154
387.235
362.158
1003.2
682.767
468.936
934.138
387.441
846.172
601.068
437.535
802.18
318.108
437.547
802.172
890.155
437.566
569.542
883.858
877.596
701.617
544.531
607.269
952.916
450.199
814.645
406.285
626.134
877.572
701.61
594.806
795.859
161.195
381.069
827.207
-385.417
387.261
538.256
582.103
896.44
839.886
418.649
569.532
777.056
380.96
802.171
877.593
374.744
764.453
651.294
588.504
921.576
789.609
745.622
795.903
883.962
802.156
915.283
3095.48
714.182
733.061
682.661
569.645
531.862
374.701
462.77
909.013
557.054
770.746
802.158
714.211
865.02
645.073
777.041
871.302
657.652
638.726
443.895
821.029
450.089
909.008
645.062
211.5
802.189
368.413
443.78
355.846
412.423
349.715
513.054
745.614
733.05
443.819
450.186
189.903
450.154
456.434
500.433
714.179
381.005
651.349
770.768
424.963
494.094
852.441
575.906
883.876
155.053
5929.19
645.078
814.723
456.489
682.666
839.873
500.423
424.953
770.758
701.625
777.041
676.414
324.39
594.667
865.002
255.445
896.446
4019.1
368.576
852.42
368.53
965.557
871.312
500.458
443.919
777.04
450.201
946.698
789.609
959.211
952.915
437.53
412.415
613.581
412.385
538.117
475.37
890.163
990.611
381.085
475.354
525.668
758.194
651.243
443.838
689.065
795.909
-64.9596
839.887
883.877
1103.69
858.734
450.222
494.07
531.896
456.433
934.138
670.137
770.759
946.591
437.542
538.156
594.709
764.416
437.581
519.241
582.132
399.891
406.178
588.414
475.296
550.764
368.4
556.959
425.022
475.267
412.417
915.294
456.406
626.089
424.958
424.997
525.532
481.493
494.245
399.832
569.5
670.188
582.088
808.45
846.173
946.628
412.387
852.45
745.528
745.609
406.23
324.397
965.5
469
456.402
745.635
343.291
362.242
519.248
330.676
406.149
776.933
525.54
450.077
940.354
563.296
437.529
582.184
739.256
701.528
569.647
462.725
846.131
337.123
865.031
506.722
249.17
820.991
921.516
462.73
594.653
858.736
550.74
324.391
651.328
613.542
456.401
663.832
487.838
274.288
833.6
619.829
4572.02
952.995
525.53
890.148
544.4
544.409
959.275
418.809
638.779
720.381
330.685
871.3
513.002
544.409
412.393
808.478
506.676
506.727
689.054
600.942
506.685
538.123
437.502
695.336
582.137
399.949
538.112
751.801
531.862
506.752
324.408
456.423
833.592
506.697
374.824
-140.381
927.849
877.592
1015.76
424.991
833.583
877.579
575.873
469.117
393.577
456.449
362.192
431.285
418.72
-190.643
745.607
1040.88
632.422
431.235
777.029
1003.19
412.374
582.157
915.266
512.958
374.706
412.36
632.427
-2.14805
494.081
915.29
808.37
921.574
418.766
330.684
437.548
814.72
475.318
374.841
469.022
506.692
984.303
418.758
601.023
619.815
909.004
915.293
619.935
839.877
73.2493
833.601
-279.36
431.381
418.719
450.17
399.854
462.672
468.945
374.8
356.022
808.448
475.243
563.238
4616
393.616
626.237
305.555
469.027
927.842
154.915
934.141
607.285
506.652
506.751
695.315
368.377
852.431
519.398
915.293
374.711
-1275.82
839.865
751.903
142.393
424.959
450.172
437.546
381.059
368.402
795.905
330.816
990.633
318.116
425.067
500.429
374.678
129.789
883.828
902.661
475.291
714.201
437.622
764.39
506.686
450.111
5294.58
833.598
764.474
462.694
990.581
739.32
946.712
726.764
883.859
475.239
48.1105
865.015
431.255
619.931
431.422
890.058
481.498
563.383
795.878
500.382
374.828
418.696
720.479
877.551
450.147
462.758
506.742
469.018
-71.2464
500.419
475.236
940.334
-454.085
494.094
908.916
814.636
557.016
475.221
362.093
915.294
424.942
890.159
789.613
512.994
387.25
594.693
368.375
758.166
4892.46
525.566
412.504
506.664
871.293
431.229
733.06
355.981
368.386
468.999
387.286
802.179
475.224
701.526
864.996
456.45
996.872
5112.38
393.531
450.15
406.107
676.404
424.939
380.965
355.823
821.023
556.934
69.7587
96.6753
450.13
437.541
758.203
374.711
626.116
632.417
355.835
494.125
-58.6792
5489.37
921.571
751.9
324.392
330.698
494.111
896.419
821.008
582.177
538.109
142.387
846.15
336.966
839.89
456.455
777.055
4471.49
161.232
808.471
406.126
531.846
846.17
48.1472
846.179
349.527
525.545
462.806
795.799
393.582
921.574
494.126
814.756
732.96
5319.72
399.968
437.603
626.198
494.18
475.271
305.757
406.082
255.444
450.066
770.724
751.814
431.31
739.231
550.713
676.499
5313.44
66.9565
575.9
626.226
513.008
613.547
550.657
569.596
613.538
4182.46
538.251
865.018
632.4
575.947
1028.29
3221.13
594.791
839.892
431.387
519.273
362.104
355.849
506.697
5627.6
-242.513
443.79
494.158
437.533
519.326
362.113
462.782
563.274
726.77
431.272
619.801
368.405
676.508
575.852
249.166
-492.232
525.588
563.264
556.987
550.829
355.99
456.414
965.449
764.47
173.757
362.249
538.101
468.957
588.433
381.045
5633.88
1675.47
500.403
406.08
443.903
-645.948
934.144
431.235
959.277
355.822
827.227
588.386
443.888
758.151
582.211
644.979
751.907
129.829
594.808
450.233
399.833
1053.42
525.527
720.467
475.261
4239.02
182.526
714.092
940.412
550.744
927.749
355.852
