2884.84
3025.84
2981.52
2953.82
3084.01
3012.04
3002.16
2930.52
3075.64
3020.09
2939.95
3083.05
2897.48
3007.05
2920.69
2966.84
2861.42
3050.42
2894.1
3104.91
3139.98
2931.19
2996.61
2866.6
3044.49
2861.48
3007.01
3019.35
3066.01
2994.29
3153.14
2892.32
2907.31
2903.16
3078.34
2878.67
2919.42
3156.49
2890.58
3042.79
2941.44
2917.33
2871.68
2898.73
3118.1
2935.04
2865.73
3011.95
3064.32
3153.61
3122
2897.22
2890.68
3116.6
2990.71
3146.18
2961.43
2871.27
2915.21
2984.53
3012.07
2966.67
2970.21
3137.03
2948.83
2934.99
2958.62
3084.38
3101.11
3048.51
2872.36
2953.91
3012.72
3142.96
3002.89
3152.66
2986.18
2871.61
3122.02
2935.79
2941.19
2929.73
2921.05
3130.16
3153.15
3158.13
2974.83
2925.46
3111.55
3083.35
3028.23
3114.09
3140.45
3086.5
2912.93
2866.48
3134.91
2953.59
2865.69
3104.92
2853.13
3028.08
3076.69
3114.27
3158.25
2870.48
3006.76
3150.33
3118.66
3119.27
3037.6
3093.78
3126.31
3121.49
3141.68
2934.1
3113.15
3136.53
3087.07
2960.24
3028.17
3014.25
3130.27
2962.36
2854.16
2957.41
3110.35
2983.08
3155.19
2963.62
3041.23
2999.13
2928.18
2857.92
2963.47
3134.6
3082.78
2963.73
2954.18
3078.23
2909.69
3009.83
3028.61
2879.65
2976.22
2896.61
3058.96
2885.62
2985.44
3062.94
3076.5
2877.48
2859.33
2995.25
3055.77
3143.44
3076.56
2942.62
3046.69
2871.48
3101.56
2983.38
2937.15
2873.11
3007.5
3029.05
3007
3081.68
3119.18
2873.07
2924.22
3073.05
3015.55
2970.65
2881.85
2916.4
3024.81
3102.62
3102.19
3109.52
2933
2898.93
2959.54
2929.3
2935.87
3131.3
3055.65
3115.31
3023.53
2864.41
2900.4
2896.4
2920.66
2879.88
2879.89
3006.99
2959.36
2913.5
2885.19
2925.75
3049.85
3024.72
3119.45
3146.83
3080.77
2944.26
3117.41
3156.87
3121.26
2977.04
2973.6
3132.4
3134.83
2884.29
3136.59
2890.31
2886.48
3028.13
3086.81
2865.09
3081.88
2986.07
2866.63
2987.68
2881.49
2902.72
3097.23
2877.85
2984.13
2915.85
3099.55
3006.29
2907.96
3120.01
2888.02
3046.57
3040.68
3014.98
2865.41
2895.42
2907.49
2963.77
3122.95
3066.16
3106.89
3135
2957.87
2994.32
2949.44
3037.75
2898.25
2948.82
2859.54
3061.09
3032.52
3032.54
3102.95
2966.16
2914.48
3060.98
3046.69
2994.89
2972.88
3034.12
2961.09
3104.25
2920.74
2963.53
2948.16
2871.02
3009.6
3127.46
3108.19
3143.36
2937.79
2913.01
3117.32
2992.36
2939.24
2879.14
3137.11
3027.42
2890.61
2977.37
2901.74
2885.34
2967.38
2863.54
2882.88
3032.31
2914.98
2940.29
2991.08
3090.52
2988.68
2874.89
2901.45
3026.86
3151.76
2919.52
2909.62
2935.71
3034.38
3117.47
3086.44
3087.54
3130.24
2885.64
3087.12
2931.03
3115.89
2988.79
2952.81
2957.89
3068.04
2860.11
2863.14
3092.2
3062.44
3150.61
3129.31
2964.11
3123.55
2917.39
3137.98
2965.09
3051.53
3108.76
3124.69
2865.9
3145.36
2884.58
3142.32
2905.6
2900.19
3070.05
3136.46
2994.12
3060.38
3096.26
3004.71
2946.94
2968.7
2977.59
2878.58
3049.8
2973.72
2969.36
3056.14
2898.41
3069.25
2969.79
2983.61
3105.35
3116.65
3012.62
2883.14
2919.35
2954.57
2861.99
2976.17
3098.66
3058.85
3090.13
2883.9
3005.63
3131.81
2942.16
3039.93
2960.64
3042.24
2940.84
3043.82
3132.09
2941.4
2990.67
3007.54
3060.56
2915.15
2900.46
2993.82
3125.04
3119.26
3048.02
3088.61
2918.87
2858.38
3082.17
2989.72
2936.09
2858.74
3114.9
3059.4
3132.3
2942.78
2942.15
3046.83
2994.17
2966.65
2946.91
3020.98
3103.37
3140.17
2858.23
2915.49
2974.55
2869.21
3145.54
3001.65
3021.92
3074.48
2968.76
3022.19
2873.01
2989.06
2975.62
2997.85
2974.19
2867.54
2930.87
3013.97
3020.18
3026.85
2948.78
2987.18
3022.36
3079.35
3004.05
2863.94
2981.88
2978.93
2864.8
2893.01
3020.46
3043.28
3031.21
2921.27
3032.43
3153.06
2865.55
2929.43
3013.09
3081.75
3043.24
3138.67
3127.9
3038.36
2980.86
3050.38
3039.92
3133.09
2901.93
2982.67
3080.55
3090.1
3097.98
3069.01
3126.89
3129.49
3014.96
3008.17
2859.18
2952.41
2885.78
3132.13
3083.51
3129.8
3053.12
2884.88
3040.63
3124.46
3058.61
3099.82
3016.12
2926.59
3146.45
3042.46
2893.05
2918.49
3037.09
3042.74
3116.79
3046.86
3039.87
2928.07
2992.11
2993.25
3008.86
2998.39
3046.92
2956.34
3036.71
3138.48
3049.16
2968.13
2996.81
3003.65
2924.43
3121.27
2923.83
2871.49
2891.19
3048.29
2924.33
2960.34
2967.53
2907.96
2944.85
2907.09
2854.1
3091.99
3084.53
2915.61
3035.28
3106.61
2943.81
3076.39
3081.83
3000.06
3055.14
2987.81
2929.17
2944.46
2908.83
3036.46
2922.09
3056.11
3144.35
2891.64
2968.33
2995.04
3121.51
3127.65
3146.02
3116.68
3062.17
2943.64
2927.94
2930.02
2942.19
2859.89
2961.07
3035.58
3114.13
3112.5
2941.79
3070.54
3069.96
3048.4
2882.51
2876.58
3088.52
3145.51
3101.04
2985.95
3065.6
3084.52
2992.27
3005.83
3014.82
3021.98
2906.35
2892.48
3122.35
2970.27
3010.98
3064.69
3026.42
2990.69
2906.88
2963.26
3075.75
3034.96
3085.22
3136.39
2871.2
2858.18
3055.1
3047.4
2861.3
3061.11
2955.4
2953.82
2989.74
3092.51
2944.09
3028.06
3092.83
3075.32
3005.82
3079.68
3036.31
2870.39
2948.11
3034.7
3152.27
2917.19
3119.82
3067.66
2972.19
2864.21
2994.96
2956.61
2915.7
2942.97
2882.27
3093.49
2894.42
3043.47
2897.35
3036.52
2973.19
2956.39
2959.3
2892.02
2966.95
2963.06
3096.71
2981.26
3100.6
3027.89
3091.06
3153.81
3001.85
3080.69
3006.29
3015.07
2944.51
2925.7
3108.73
2973.55
2986.2
2948.92
3007.68
2997.66
3147.79
2948.77
2988.33
3153.44
3018.27
3036.11
3093.65
2910.95
2903.18
3084.07
2925.5
2881.48
2987.69
2892.32
2881.56
2952.61
2954.49
2945.44
2927.44
2988.78
3107.99
3154.02
3011.74
3084.25
2887.02
2853.61
3006.81
2983.79
2908.4
3096.43
2940.96
3007.77
2957.08
2915.7
3014.9
3101.61
2998.25
3147.13
3145.57
3068.5
3124.28
2905.8
2926.65
2892.2
2940.5
3078.61
2920.68
3037.05
3139.87
2971.86
2997.35
3024.96
3008
3023.63
2968.58
3100.02
2951.59
2907.48
2968.84
3096.07
2877.21
3026.94
3078.99
3028.16
3139.39
3120.46
3022.65
3105.19
2970.22
3089.79
2970.22
3012.72
2989.68
2963.79
3070.23
3147.64
2956.03
2885.53
3019.89
2979.61
2973.36
2922.22
2950.87
3154.46
3031.79
3073.65
2895.49
2974.62
2919.65
2884.96
2910.96
2927.1
3063.42
3069.39
3117.98
3052.34
2967.6
2898.29
3092.53
3020.26
2974.03
2877.78
3085.22
3006.75
2970.1
3006.02
3047.22
3055.83
2914.71
3020.91
3115.93
3086.01
3133.63
2898.18
2978.25
3143.55
2858.05
2966.74
2881.83
3151.76
2908.3
2956.94
3127.9
2872.19
2857.86
3004.39
3015.21
2898.87
3053.15
3028.2
3012.29
3148.9
2898.13
3051.91
3047.86
2922.42
3081.98
3104.7
3022.58
3130.76
2949.61
3143.58
3054.65
3039.53
2968.08
3132.58
2918.02
2891.32
3029.84
3075.59
3146.89
3110.4
3126.29
3014.74
3075.02
3006.5
3007.69
2857.5
2879.14
3062.03
2991.72
3037.5
3079.4
3143.03
2999.31
2992.12
3043.36
3094.47
3066.07
2976.71
2955.54
2871.92
2912.25
3056.3
3151.83
3030.47
2858.94
2908.57
3037.01
2935.11
2915.94
3067.98
2898.11
2954.21
3056.46
3059.29
3120.62
3050.88
3081.37
3024.96
3042.72
3044.04
2980.04
2878.36
2942.93
3107.49
3088.28
3068.48
3123.4
2969.89
2909.27
3119.74
3092.3
2956.29
2874.78
2972.4
3021.04
2954.33
2893
2966.84
3056.29
3143.58
3112.37
3145.3
2943.53
3038.83
3124.96
3043.59
3061.97
3005.96
3110.62
3103.1
3095.9
3089.46
3068.87
2861.15
2990.08
2959.89
3107.56
3128.79
2947.57
2939.37
2947.5
2892.41
3140.17
3003.2
3113.5
2910.58
3118.49
3045.99
2982.49
2956.81
3018.33
2884.52
3153.17
2993.62
3139.55
3001.59
2979.04
3036.64
3015.11
3098.25
2865.01
3051.58
2913.63
3043.23
3143.24
3036.57
2923
2987.29
2947.76
3067.51
3033.09
2865.22
3016.14
3098.97
3153.47
2941.44
2928.11
3036.32
2873.94
2908.57
2926.03
2951.36
2930.59
2875.18
2953.06
3146.52
2914.93
3060.64
3106.2
2906.9
2864.65
3064.17
3151.47
3138.87
2972.99
2931.28
3015.07
2954.34
2934.87
3115.38
3029.91
2942.82
3097.13
2913.67
2890.3
2924.15
2943.29
3042.57
3005.72
3084.26
2862.94
2880.33
3049.55
3084.34
3083.87
2905.43
3122.17
2988.91
3028.09
2960.47
3119.06
2974.08
3017.61
2942.04
3001.06
2860.22
2919.08
2981.33
3061.21
3021.75
2966.38
2891.61
2936.8
3031.02
2928.05
2908.9
2879.39
3041.85
3028.09
3028.24
2883.87
3156.14
3146.28
3030.24
2996.44
2900.03
3146.61
2986.75
2880.01
2950.41
3054.85
2927.19
3084.83
3050.27
3016.26
3129.14
3150.88
2948.49
3098.06
2855.67
2891.19
2976.11
3089.12
2896.91
3078.64
3069.41
2882.88
2986.48
2931.06
2945.91
3028.66
2992.01
2976.99
