1521.48
1565.47
1527.77
1508.92
1540.34
1540.34
1559.19
1521.49
1521.49
1521.49
1565.48
1521.5
1540.35
1527.78
1546.63
1571.77
1565.48
1552.92
1508.94
1527.79
1540.36
1515.23
1590.62
1552.93
1571.78
1559.21
1552.93
1546.65
1603.2
1578.07
1596.92
1534.09
1571.79
1565.5
1571.79
1552.94
1552.94
1552.94
1527.81
1534.1
1540.38
1559.23
1540.38
1552.95
1565.52
1609.5
1578.09
1565.52
1571.81
1615.79
1571.81
1546.68
1571.81
1508.98
1596.94
1552.96
1596.95
1596.95
1609.52
1559.25
1603.23
1578.1
1640.94
1678.64
1678.64
1653.51
1640.94
1672.36
1640.94
1703.78
1653.51
1684.93
1647.23
1640.95
1697.5
1647.23
1640.95
1678.65
1653.52
1653.52
1647.24
1703.79
1634.67
1640.96
1672.38
1653.53
1678.66
1647.25
1647.25
1691.23
1772.91
1766.63
1728.93
1741.5
1779.2
1716.37
1772.92
1804.34
1754.07
1810.62
1804.34
1785.49
1785.49
1816.91
1816.91
1798.06
1823.19
1823.2
1860.9
1791.78
1835.76
1791.78
1823.2
1816.92
1816.92
1798.07
1804.36
1854.62
1842.06
1835.77
1892.32
1810.64
1835.78
1823.21
1798.08
1860.91
1835.78
1823.22
1835.78
1848.35
1854.63
1854.64
1842.07
1842.07
1867.2
1829.51
1867.21
1848.36
1842.08
1823.23
1829.51
1848.36
1835.8
1860.93
1854.65
1848.37
1842.08
1823.23
1848.37
1804.39
1867.22
1854.65
1835.81
1867.22
1848.37
1892.36
1930.06
1942.62
1917.49
1892.36
1917.49
1930.06
1948.91
1974.05
1936.35
1955.2
1942.63
1917.5
1923.78
1980.33
1936.35
1967.77
1955.2
2030.6
2068.3
2011.76
2087.15
2068.31
2087.16
2036.89
2036.89
2030.61
2005.48
2087.16
2093.44
2068.31
2068.31
2062.03
2024.33
2112.3
2018.05
2093.45
2074.6
2068.32
2055.75
2131.15
2118.59
2093.46
2062.04
2074.61
2143.72
2118.59
2118.59
2080.89
2118.59
2112.31
2074.61
2080.9
2099.75
2143.73
2036.92
2049.49
2112.32
2068.34
2080.9
2150.02
2150.02
2137.45
2131.17
2143.74
2124.89
2156.31
2156.31
2106.04
2093.48
2150.03
2118.61
2106.05
2106.05
2080.92
2175.16
2055.78
2168.88
2143.75
2200.3
2118.62
2087.2
2168.89
2156.32
2143.76
2143.76
2093.49
2150.04
2150.04
2162.61
2162.61
2162.61
2219.16
2162.61
2106.06
2131.2
2137.48
2194.03
2162.62
2181.47
2137.48
2338.55
2325.98
2307.13
2288.28
2300.85
2313.42
2369.97
2300.85
2344.84
2388.82
2395.1
2395.1
2457.94
2407.67
2495.64
2439.09
2457.94
2464.22
2376.26
2432.81
2357.41
6428.96
4512.59
5568.16
5656.13
6422.67
6428.96
6077.1
1521.79
5995.42
4380.64
6158.78
5731.53
3350.2
6372.41
5228.87
5970.29
5486.48
5228.87
6397.55
1132.24
4657.1
6347.28
6070.82
6253.04
6428.96
5448.79
6102.24
6403.83
6372.42
6045.69
6108.52
5354.54
5882.33
5285.43
3984.81
6422.69
6353.57
5932.6
2734.46
6441.54
6284.46
4858.17
6435.25
5920.03
6309.59
5298
5034.11
6133.66
6315.88
6265.61
6309.59
1848.53
5467.65
6441.54
5103.22
6353.58
4217.29
6152.52
6227.91
6372.43
5989.15
3758.62
4487.47
6278.18
6410.13
5800.66
6447.83
6441.55
6416.41
5832.08
6278.18
5901.19
3343.94
6391.28
4336.68
5034.12
6202.79
4317.83
5260.31
6014.29
3570.13
6265.62
6234.21
6416.42
6246.77
5857.22
6341.02
6227.92
5304.3
5957.75
5398.55
5649.87
6014.3
6435.27
6428.99
6008.02
6428.99
6227.93
5455.1
6359.88
6253.06
5442.53
6328.46
5964.04
5668.73
6454.13
5197.49
5417.4
5323.15
6454.13
6020.59
6341.03
3783.77
6347.31
6171.39
6391.3
6447.85
3406.78
6416.43
4204.75
5838.38
4116.79
6221.65
6020.59
6359.88
5002.72
6253.07
5769.27
5675.02
6454.13
6183.96
4638.29
-1010.29
6008.03
4650.86
6183.96
6146.26
6454.14
6052.01
1854.85
6290.77
6334.76
6196.53
6096
6460.42
6454.14
6460.42
2263.26
5762.99
5964.05
5781.84
6234.23
5913.79
6460.43
6410.16
6309.63
6328.48
4575.47
6246.8
6052.02
6322.2
6265.65
6052.02
5549.37
5568.22
6221.67
5398.57
6410.16
5976.63
6347.33
6265.65
6466.71
5869.81
5637.34
5681.32
6297.07
6196.54
6183.97
6052.03
6297.07
6347.34
6466.72
5913.8
6378.75
4581.76
5386.01
6334.77
6341.06
6466.72
4550.35
5574.51
2627.7
6008.05
6429.02
4305.31
6008.05
2904.16
4493.8
6064.6
6410.18
5882.39
4066.55
6447.88
4393.27
6020.62
3381.68
6253.1
6278.23
6454.16
5524.25
6447.88
6473.01
4713.72
6315.93
5034.16
6473.01
6347.35
6473.01
4185.94
6416.47
6315.94
5555.67
5605.94
6366.2
6429.03
6309.65
6410.19
3834.08
6466.73
6473.02
6133.73
5882.4
5291.78
4236.21
6447.89
4336.74
6466.74
5624.79
6410.19
5989.22
6158.86
5957.8
3180.63
5876.12
6460.46
6020.63
6403.91
4060.28
4864.53
5574.53
4958.78
6008.07
6165.15
3230.9
6460.46
6309.66
6385.06
5907.54
5128.43
6246.83
6014.36
6140.02
3689.58
6001.79
5436.31
6359.93
6466.75
4248.78
4556.66
6309.67
6001.79
5675.07
6278.25
6190.29
6485.6
6234.27
6385.07
6064.63
6479.32
6479.32
5065.6
5587.11
6403.92
6341.09
5976.67
3802.68
4072.86
6127.46
2778.53
6397.64
5662.51
4229.94
6429.06
6435.34
6184.01
6209.15
6397.64
5210.12
6479.33
6485.61
4380.74
3984.9
6485.61
6259.42
6422.78
6052.07
5084.46
6196.59
3570.21
6479.33
5593.4
6366.23
6479.33
5662.52
6253.14
6353.67
6460.48
6491.9
3369.16
5247.83
6491.9
5536.86
3130.4
4751.46
6485.62
5731.64
6221.73
4035.18
5964.12
3746.15
5794.47
5448.9
6052.08
5750.49
6246.86
6403.94
6127.48
5976.68
6001.82
6422.79
6033.23
6064.65
6485.62
6246.86
6410.23
1075.8
6491.91
5794.48
5926.42
6190.32
5115.89
6341.11
3331.47
6070.94
5015.36
6422.8
6278.28
3783.86
6026.96
5851.03
6114.92
6429.08
6410.23
6146.34
6479.35
5134.75
6491.92
6485.63
3230.94
4361.92
6498.2
6052.09
6372.54
3300.06
4286.52
5825.9
6265.72
6108.65
6058.38
3620.51
3827.85
6403.96
4110.59
4939.98
4789.18
5876.17
5593.43
4820.6
6397.68
6316
6378.83
6491.92
6460.51
5662.55
2728.3
6498.21
3620.51
6447.94
5109.63
6460.51
5945.29
6322.28
5989.27
6177.77
5530.6
6322.28
6466.8
3827.86
5989.28
6473.08
6083.52
5530.6
6454.23
6064.68
6510.78
6498.22
5750.52
6385.12
6372.55
6372.55
6020.7
6491.94
6322.29
4958.84
6297.16
5970.43
5316.98
5800.79
5737.96
3922.12
6485.66
4939.99
5166.19
4456.19
5662.56
1597.34
5863.62
6070.97
6391.41
6510.79
6309.73
6045.84
6504.51
6202.92
6466.81
2690.62
2703.14
2721.99
2747.12
2646.59
2778.54
2715.71
2659.16
2571.19
2615.18
2634.03
2621.46
2615.18
2527.21
2552.34
2458.1
2464.38
2489.51
2520.93
2546.06
2451.81
2445.53
2527.21
2458.1
2432.96
2458.1
2502.08
2414.11
2439.25
2514.64
2458.1
2476.94
2502.08
2401.55
2514.64
2426.68
2476.94
2451.81
2464.38
2483.23
2426.68
2414.11
2420.39
2470.66
2458.09
2464.38
2495.79
2502.08
2319.86
2326.15
2338.71
2351.28
2401.54
2326.15
2370.13
2319.86
2401.54
2332.43
2357.56
2370.13
2376.41
2382.69
2326.14
2326.14
2363.84
2357.56
2376.41
2363.84
2326.14
2351.28
2326.14
2351.28
2351.28
2351.28
2332.43
2313.58
2326.14
2326.14
2407.82
2351.28
2307.29
2351.28
2326.14
2288.44
2326.14
2351.27
2351.27
2332.42
2382.69
2388.97
2395.26
2319.86
2401.54
2332.42
2357.56
2301.01
2395.25
2326.14
2338.71
2388.97
2357.55
2301.01
2388.97
2326.14
2319.86
2326.14
2351.27
2357.55
2370.12
2231.89
2307.29
2282.15
2225.61
2307.29
2263.3
2250.74
2219.32
2250.74
2382.68
2357.55
2326.13
2282.15
2231.89
2238.17
2250.74
2162.77
2194.19
2187.9
2194.19
2225.6
2175.34
2169.05
2169.05
2150.2
2137.64
2213.03
2206.75
2156.48
2213.03
2175.33
2194.18
2200.47
2169.05
2219.32
2169.05
2181.62
2200.46
2150.2
2074.8
2169.05
2099.93
2112.5
2093.65
2137.63
2143.91
2131.35
2125.06
2074.8
2106.21
2074.8
2062.23
2005.68
2074.8
2043.38
2093.65
2099.93
2037.1
2068.51
2081.08
2049.66
2074.79
2049.66
2062.23
2081.08
2087.36
2087.36
2093.64
2043.38
2055.94
2043.38
2068.51
2043.37
2024.52
2005.68
2043.37
2018.24
2062.22
2024.52
2024.52
2043.37
2018.24
2030.81
2018.24
2011.95
2037.09
2043.37
2037.09
2049.65
2049.65
2074.78
2011.95
2068.5
2074.78
2043.37
2055.93
2037.08
2068.5
2068.5
2068.5
2099.91
2037.08
2062.21
2068.5
2062.21
2037.08
2055.93
2068.49
2087.34
2074.78
2068.49
2055.93
2018.23
2068.49
2024.51
2037.08
2068.49
2049.64
2043.36
2062.21
2081.06
2030.79
2037.07
2093.62
2049.64
2087.34
2112.47
2068.49
2043.35
2074.77
2055.92
2055.92
2049.63
2043.35
2024.5
2011.93
2024.5
2030.78
2024.5
2049.63
2005.65
2062.2
2074.76
2030.78
2049.63
2049.63
2011.93
2011.93
2024.49
2005.64
2018.21
2037.06
2068.47
2024.49
2055.91
2024.49
2074.76
2043.34
2068.47
2087.32
2068.47
2074.75
2030.77
2049.62
2081.04
2055.9
2055.9
2049.62
2068.47
