301.105
333.43
351.908
301.236
247.629
283.073
293.37
293.093
307.853
231.441
374.402
289.004
5755.88
343.288
324.709
320.841
383.163
376.114
341.805
295.426
296.759
294.967
326.477
350.392
316.991
314.347
324.736
351.68
326.274
336.978
326.999
325.787
307.828
5969.53
339.418
427.559
305.902
320.22
301.618
325.271
402.231
320.275
345.506
333.187
319.308
319.489
329.786
333.395
370.871
350.117
332.729
327.676
374.59
357.238
342.995
364.591
330.143
338.361
326.121
339.359
345.69
336.911
353.982
378.721
336.992
311.725
357.99
338.066
336.796
396.506
378.6
345.571
331.163
376.636
6239.74
370.914
190.444
409.65
355.392
353.072
274.259
364.338
364.35
336.022
377.418
3336.91
365.548
345.718
352.152
389.06
377.415
374.618
439.322
370.896
360.059
370.212
394.209
883.249
509.193
376.397
322.265
346.359
344.612
390.352
4220.75
356.701
4310.85
358.316
522.934
343.566
371.095
390.138
382.693
382.728
357.713
414.563
358.397
332.806
364.671
1595.4
388.303
342.601
427.425
381.906
342.859
365.847
490.283
363.535
383.847
390.464
378.487
376.806
383.293
358.443
408.552
408.062
366.364
401.302
402.997
407.651
371.894
401.96
389.928
423.801
400.5
427.985
408.677
419.004
389.943
414.585
427.176
397.935
419.497
452.735
395.875
399.871
417.06
427.226
376.093
399.985
414.443
698.001
427.028
439.367
414.881
420.802
415.088
382.369
425.135
426.645
436.185
403.301
402.221
430.13
400.63
357.625
311.708
433.182
350.832
457.891
470.918
6365.54
385.812
420.369
433.005
397.734
402.089
424.374
418.028
438.584
447.316
402.779
6396.95
418.316
414.516
435.185
384.5
432.291
5259.71
377.758
427.181
2190.51
446.24
426.319
420.795
470.569
431.614
450.142
458.622
433.501
432.891
409.999
474.846
440.252
377.01
451.46
459.036
404.536
470.44
421.344
418.778
448.259
483.025
437.649
565.763
629.006
439.995
445.645
422.4
452.579
453.934
690.988
457.959
421.389
448.843
400.182
479.726
465.299
6428.44
451.915
447.25
470.301
421.145
420.958
496.917
458.602
427.956
484.197
1395.63
340.017
568.105
460.335
452.215
464.431
452.449
528.388
446.429
490.095
483.328
402.061
515.235
493.756
463.146
471.017
445.073
476.415
476.906
471.156
414.205
735.844
533.298
465.652
452.908
534.358
476.217
486.271
502.063
472.43
477.886
541.211
482.902
524.699
432.757
647.609
471.015
6013.73
440.969
477.733
629.024
481.72
496.484
1935.57
591.023
892.971
547.239
528.091
484.45
457.148
515.192
6076.68
628.937
497.135
463.541
478.196
504.953
615.907
641.635
531.639
502.387
641.392
520.656
454.999
524.944
564.933
482.274
548.686
503.026
502.938
477.306
508.768
635.343
478.129
590.823
476.083
6170.94
535.091
446.638
635.207
482.405
501.981
521.358
490.789
495.469
465.445
533.539
558.904
515.339
521.66
559.329
553.453
464.36
515.262
558.706
518.539
503.16
515.677
471.008
503.829
3984.4
641.344
500.847
474.61
584.424
565.776
518.209
905.634
610.371
2972.45
518.827
496.741
483.718
500.237
540.778
486.18
491.788
526.468
718.769
657.01
552.905
501.001
559.024
512.56
544.746
558.589
471.621
723.344
578.226
552.647
584.552
6378.3
481.968
514.389
565.654
609.712
556.215
537.306
518.548
521.922
6390.76
1314.11
493.888
566.094
590.778
622.303
527.529
584.908
607.602
563.779
591.038
566.355
577.461
525.071
534.658
546.891
578.569
519.449
534.711
547.027
558.906
571.261
550.719
559.369
555.122
540.185
597.383
610.305
500.46
786.291
1525.5
628.964
544.047
548.86
484.996
528.015
501.624
132.971
408.929
923.703
767.374
558.869
525.589
506.789
576.933
609.573
577.887
597.381
517.074
609.195
525.284
600.526
502.848
685.325
6233.91
597.674
615.196
609.874
635.156
527.053
1383.26
547.347
588.741
396.756
521.896
584.477
634.026
503.209
545.7
564.477
698.334
584.714
6460.09
672.697
490.335
609.632
601.768
522.633
572.189
596.156
565.514
177.61
666.786
566.104
596.224
628.019
484.976
348.919
590.986
564.689
614.014
571.345
631.795
6107.72
602.577
662.655
521.733
589.93
735.906
962.31
628.97
563.87
544.481
635.408
625.322
628.784
571.321
591.817
597.549
558.46
836.763
653.259
1287.79
6541.32
646.529
628.919
684.523
582.532
660.111
655.311
592.589
617.481
597.229
596.551
477.353
616.202
588.989
687.118
641.836
635.41
961.129
1490.26
735.81
641.695
644.544
659.585
590.604
612.614
636.079
641.757
626.284
652.724
868.044
6579.67
691.224
582.296
723.465
641.451
680.702
665.504
633.967
509.47
654.235
691.869
893.27
593.454
603.152
628.918
550.724
606.273
3067.26
653.954
640.172
694.419
628.651
660.653
678.982
729.707
672.809
666.217
717.216
666.536
779.342
628.875
622.844
666.808
836.88
631.791
697.725
588.046
685.389
654.181
666.788
723.202
783.286
691.07
685.639
638.728
627.603
634.867
709.574
697.084
659.203
685.147
679.358
619.998
697.803
884.833
674.404
658.329
6058.26
679.151
603.933
760.582
641.044
701.383
641.53
621.988
558.553
685.742
647.47
3632.95
681.298
703.039
672.812
642.141
632.602
647.968
672.129
662.579
704.611
651.817
706.959
1163.55
644.071
716.191
811.463
679.463
704.403
112.01
688.472
1213.77
717.1
672.683
741.869
665.5
6007.88
494.605
625.252
688.485
615.521
629.251
670.69
733.944
700.476
657.488
754.666
710.124
613.85
792.306
657.695
661.474
709.992
692.02
723.183
667.092
678.19
772.993
634.179
1722.84
721.938
671.359
811.19
716.946
760.517
678.851
729.234
741.45
704.357
4895.91
692.281
720.004
739.339
689.626
6064.77
663.716
742.155
722.355
710.866
729.271
717.343
700.383
693.865
679.585
710.562
704.628
658.448
717.514
700.446
523.981
725.369
655.654
575.07
706.332
581.479
676.907
708.648
710.513
729.246
710.5
767.426
6641.96
767.291
710.28
743.056
1126.5
705.855
735.519
767.138
805.354
715.595
710.448
741.628
798.629
645.942
735.492
798.868
731.723
779.745
693.783
753.414
710.508
623.881
747.428
732.629
779.268
796.77
798.724
715.81
670.642
731.327
822.015
739.185
976.959
842.866
821.286
811.308
724.157
714.039
734.868
754.449
760.96
704.803
715.886
760.783
642.233
5424.21
751.665
779.379
651.39
761.058
6530.72
738.841
730.034
948.158
697.786
743.35
738.698
779.418
727.225
752.17
741.877
5913.83
785.974
729.582
747.404
761.114
76.9893
6214.35
836.67
764.013
766.754
764.016
754.596
769.493
651.038
784.892
659.474
735.115
728.634
785.18
767.985
767.187
578.552
703.651
741.877
510.336
748.075
823.883
786.103
784.02
855.321
868.852
6674.04
788.599
823.727
899.67
842.614
634.145
2185.61
773.009
839.109
893.73
760.725
899.601
726.08
804.501
804.55
792.713
636.125
760.09
817.444
820.142
1027.96
674.12
772.658
741.109
762.635
791.276
775.613
824.807
777.755
798.075
815.494
798.545
853.455
779.932
793.362
804.666
768.752
861.74
777.656
855.666
4601.96
792.615
788.301
823.649
822.031
749.043
800.192
785.914
802.997
798.613
583.132
804.92
653.185
818.948
799.896
817.107
791.774
786.746
822.638
858.059
773.432
830.202
839.29
776.964
789.021
804.384
811.322
798.135
829.736
813.913
816.638
649.703
821.403
820.171
817.79
817.161
830.054
26.4802
823.776
814.396
855.511
802.03
821.984
793.829
905.47
937.322
667.336
823.518
818.838
824.304
862.113
811.453
880.154
848.711
886.502
841.644
833.849
725.263
861.226
6589.67
798.991
840.581
6816.92
846.107
849.746
6454.55
868.07
869.411
840.721
821.66
845.332
832.106
816.892
554.237
854.748
6647.64
873.968
880.494
815.074
868.853
842.764
874.023
821.306
892.976
832.961
867.724
874.607
807.309
911.012
870.081
874.145
835.173
968.753
803.243
873.752
898.895
943.465
845.476
881.328
875.371
880.453
859.593
877.308
974.804
652.892
865.423
828.901
849.085
886.454
853.536
6573.51
874.05
842.155
873.929
869.961
852.632
847.866
874.101
870.52
904.678
875.859
835.468
852.868
858.989
864.568
943.587
891.917
909.869
879.683
933.007
911.404
854.512
873.883
905.355
901.807
900.096
912.047
904.347
875.547
893.198
968.765
844.584
880.342
886.012
866.283
904.16
880.429
855.031
874.265
903.925
879.347
877.182
924.713
6862.56
902.402
6542.32
905.037
917.288
924.374
894.651
893.133
862.071
924.222
936.389
890.145
886.661
930.426
890.789
886.262
893.359
924.46
907.109
886.711
899.406
928.195
857.887
924.338
904.225
878.805
