-2.53919
0.233716
2.15349
-2.11164
-0.944704
-2.8744
-1.82517
-2.06168
2.2762
0.164916
0.588073
-0.545094
0.339366
-3.04043
3.02038
0.516826
1.82919
1.32546
0.571392
1.48073
0.880473
-0.0711637
-2.3123
0.0234363
-0.732064
2.7221
-2.08321
-0.300894
1.74617
-3.11449
0.732509
-2.4843
-0.945684
-0.933704
0.753142
-2.28984
0.832218
0.347026
-0.248144
-1.95111
0.430006
-0.102394
2.37583
-1.8995
1.28063
-1.48672
-2.98095
-1.10843
1.50802
1.94683
-3.10792
2.0816
0.581861
-2.74693
-2.32634
-2.60161
0.229916
1.65912
-2.80756
2.74329
1.26094
-0.888904
-0.226684
-2.2697
2.03929
-0.310584
0.638256
1.23489
-2.25465
0.651525
1.44486
-0.294384
-0.438404
-0.289994
-2.70619
-1.0773
-3.02887
2.19351
0.00117633
-0.509764
-0.990504
-1.32124
2.32974
-0.820534
-1.93778
1.74326
-2.16951
1.51685
2.31953
-1.20581
2.91677
2.18172
2.90256
0.100266
-1.10234
-1.79519
-0.980014
1.57734
-2.77774
0.180056
-2.43027
0.443406
2.41072
-1.61543
2.82167
1.19906
-0.482894
-2.36465
0.515586
0.368396
1.45805
2.68455
2.2597
1.8072
-0.0596037
0.843307
0.469396
0.322846
-0.946184
1.80169
-0.848214
1.82209
-2.62259
0.278976
-3.00743
0.265086
-0.842654
2.64404
0.542596
-0.304294
-1.44644
-2.03406
-2.69918
-1.09573
-1.64679
0.716545
-2.62501
-1.66834
2.14244
0.950272
-2.00977
0.701751
-0.611334
2.52772
-1.3194
2.33288
-1.4843
-0.188994
2.73843
-1.40112
1.98634
-1.77125
1.62021
2.63051
2.86248
1.49552
3.11901
2.61574
0.167906
-1.37943
-0.996594
1.81631
0.936638
-0.462524
0.787753
-2.23642
-1.85221
-2.66311
2.45913
0.911622
-2.67488
-1.2859
-2.04152
-1.57985
2.49437
2.42349
1.37537
0.0197363
-1.50463
-1.06803
0.282646
1.03485
-2.84175
-0.760214
2.49142
-1.35004
-2.57641
2.38182
0.744335
1.68437
-2.36963
-2.7288
1.77909
2.38248
2.01466
2.84615
-0.208284
-1.69506
0.829505
-2.86751
-0.644764
1.02809
-1.59419
-0.501414
2.27031
-2.23389
1.91925
2.95055
-2.90432
-0.918584
-2.75417
-1.51963
0.524266
3.03956
-1.46951
1.04647
1.853
-0.0794637
1.49961
1.93615
2.40496
-2.552
0.200726
2.98112
-1.42306
1.91487
-0.669384
0.496456
3.08603
0.146326
0.711348
-0.835524
0.628184
-2.68532
0.506876
1.70475
1.29847
-0.554564
-2.76352
-1.48364
1.2833
-0.209714
0.618931
1.6626
0.584507
-1.62516
-1.5194
-1.30127
1.59503
-2.59544
1.0952
-0.638624
-0.926544
-1.11157
-2.6908
-1.61195
-2.5477
-2.5579
2.89111
-2.4734
1.43664
2.20141
2.931
0.552356
-2.64165
2.06996
-1.3267
1.37891
0.711249
-2.46466
0.204546
2.69235
0.934799
1.00625
0.547076
-0.628084
-0.487844
0.0137063
1.91388
0.69755
-2.69199
-3.01785
-1.34749
-2.09028
2.82411
-0.899984
-0.133584
-0.792284
-1.4213
3.01467
2.90932
0.177496
1.75938
-2.99498
2.02546
-2.01214
-2.90838
-3.03243
1.74586
1.17718
1.41441
-2.54221
-2.70583
-0.498934
-0.172544
-0.563314
-2.21104
-2.75344
-2.69321
1.85979
1.02193
2.51132
3.0321
2.1156
-3.01393
-0.664814
-2.63371
2.74503
2.54076
2.09888
0.278586
1.60967
0.915918
-3.11677
2.39414
-1.9989
1.49015
-0.0671037
2.84056
2.7734
2.89279
-0.769084
-0.361444
1.39208
1.77049
-1.2238
-2.33239
3.10354
-1.71823
-3.0313
2.97761
0.721469
-0.167504
2.73324
1.12737
-2.4411
-1.35754
-1.5788
2.84232
-2.54896
-1.24841
-1.05221
-1.40914
-2.03612
-1.53272
2.74385
2.72171
0.0343063
-0.125064
-1.99035
-2.74028
0.986879
-1.14052
0.123416
2.93971
2.32476
-2.07262
-2.08691
0.593783
-2.37549
1.76128
-0.440354
1.84224
2.90106
2.25715
1.19939
-0.860264
2.58951
2.46165
0.458926
0.363286
1.35738
-2.52114
-1.60669
1.86079
-0.0526537
0.364186
-2.91232
-3.018
-0.594974
-2.94614
3.12706
-0.820564
2.2046
2.62972
-2.99288
-1.90299
0.259026
-2.00202
-1.84705
-0.750394
-1.71436
2.01146
-0.643434
-2.40584
0.0195063
1.69263
2.64656
-2.89867
0.363656
1.5544
-1.73293
1.03981
2.6735
0.248766
0.766561
-0.0956237
-1.62153
-0.192124
-1.56954
1.1137
-0.205054
1.53763
-0.767434
2.08399
-2.65747
1.28045
-0.367884
2.41623
1.69515
-1.92637
0.561506
1.582
0.731559
2.70424
-1.26738
-2.26252
-1.58934
-2.20606
2.35591
-0.988644
2.92948
-1.60097
-0.423534
1.97379
-1.64852
-1.99095
2.75959
1.17259
1.19354
-0.753594
0.346346
0.567816
2.19899
1.26498
-1.82623
-3.00622
-0.421414
-0.623974
-0.795194
0.526216
1.10084
-2.5872
-1.38329
-0.684594
2.37044
-2.2431
-2.20933
0.243636
-1.7258
-0.978344
-0.472684
-1.80012
-2.54795
-3.11181
-1.74971
2.24384
2.25491
-2.35716
-0.967284
-1.36982
0.792235
1.27036
1.35652
1.39135
1.69946
-0.829634
0.468566
1.19744
-2.47666
0.655261
2.81376
2.29214
-1.87682
3.03384
-0.584924
1.61536
0.454966
0.0163563
2.10813
2.04224
-0.836444
-1.45698
-0.593544
-0.984714
-1.61217
-0.709714
0.0392463
1.27115
-2.82525
3.09293
-2.73841
-0.418594
2.68184
1.76709
-1.45145
1.89567
-2.73315
-2.16676
0.437726
0.180216
-2.50197
-0.767134
1.36904
-1.42224
-0.0597137
2.15332
2.54998
2.12396
-1.37359
-0.434814
1.59035
0.0162163
2.97452
-1.20887
-2.19253
2.12283
1.31731
2.14203
2.06514
0.0669363
0.559506
1.25325
-3.0091
-2.42173
-0.877684
-0.378634
-2.7361
0.434876
-2.37329
-0.633484
2.85028
1.26046
2.23745
0.991184
0.923052
-0.419784
-2.30101
-2.67269
0.629284
-0.721014
2.37126
-2.14653
0.129936
-1.46057
-2.34851
-1.10493
-1.39996
-0.165364
3.10879
0.972106
1.087
1.24527
-1.0319
-1.72974
0.939668
-0.423014
0.0698763
-0.845674
0.854622
-1.92006
-2.95123
1.00332
-2.13036
2.54273
0.148566
-1.72093
-1.77242
-0.449964
-1.51409
2.11419
1.95739
1.55326
0.970155
2.99731
0.0937763
2.00967
2.66563
-2.02451
-0.417544
-0.693504
2.13181
-0.446504
-1.77729
2.15898
-1.53295
-1.55253
2.92798
-2.39182
0.476766
0.662161
1.89746
0.793727
-2.88383
-0.802524
2.49967
-3.05131
-1.56744
-1.78147
-2.79607
1.37007
1.86206
-0.485254
1.23932
1.22983
-1.63392
-2.23257
-0.0190437
1.9522
-0.686144
1.9403
-1.6942
-2.73866
0.450546
0.764528
2.5535
-0.509634
2.36437
3.03877
-0.318614
1.8004
-2.97363
-3.12423
0.0763563
1.01773
1.93766
-0.820274
1.14919
2.53953
0.479546
0.411256
2.40327
-1.54356
-0.129634
-0.467814
-3.12369
-1.48579
-2.50686
0.349756
2.64373
-1.87502
1.05185
2.19183
0.523576
-1.01594
1.84011
3.09881
-2.19925
-0.779524
1.70135
-2.71176
1.50168
0.64901
1.68419
1.17736
-1.43086
2.01665
0.599552
2.35547
-1.56117
0.673624
2.69225
0.479856
-3.03841
0.179236
-0.979444
1.21456
2.39821
-0.143484
2.02108
0.480346
3.08487
-2.9516
-2.90934
1.71851
-0.0656137
3.09144
-2.42612
1.14339
-0.583744
-1.99368
2.52054
1.75714
2.98298
2.16229
-0.661904
-0.529034
-1.34549
-0.201704
-2.53681
-2.76402
-1.63656
-2.8223
-1.99673
3.01973
-2.06777
1.97345
1.33553
2.21041
0.731682
0.911661
0.126716
-2.51514
2.99259
-0.150674
2.40776
0.814922
2.35591
3.13441
-2.00942
-2.81545
1.54499
-0.351624
1.25509
2.50718
2.33049
2.22873
-1.9015
-1.70768
-2.15698
-2.87638
0.697885
1.39399
-2.6192
2.43126
-0.209974
-1.53788
-1.95264
-3.13014
-3.00081
0.182856
-1.4415
2.14995
-0.957014
-1.07686
-1.06712
2.81248
-2.94023
0.154616
0.342966
-3.00726
1.58019
0.539436
0.188236
1.66647
2.84614
-2.52182
1.29671
-0.757034
2.56457
0.80303
-2.49034
-0.00988367
-1.39901
-1.55041
-0.777234
1.57501
2.031
-1.32148
-0.198094
-0.687144
-0.849084
2.76663
1.73825
0.98849
-0.628814
2.11492
2.77477
3.01498
-2.63425
1.85606
-2.44621
-0.912604
-2.47869
0.589353
0.558556
-0.178704
2.37477
0.198556
-0.254304
-0.943584
-2.90807
2.54983
-1.48589
1.09519
-2.27381
0.278966
0.0762063
-3.07703
0.742927
2.84573
1.49111
1.9141
2.96813
-2.33323
1.00383
-1.94255
-2.45507
0.754692
2.19236
-3.04108
-2.98665
0.137306
-1.78682
-2.66092
1.32949
-1.22598
0.0644263
-0.699414
0.0937963
-1.17689
1.36479
2.54374
0.444726
1.93222
-0.0643937
0.870182
-0.272534
-2.2443
-1.85752
-2.04996
-0.772764
-3.0202
-0.863644
-0.751214
2.58562
2.95238
0.334906
-2.88445
-1.7016
2.63046
-0.970694
-0.576064
2.44561
1.34143
-1.9147
-2.87478
-2.55245
0.522436
2.73407
-2.54078
-1.39732
-2.83374
0.0539763
-0.448984
1.46709
2.90251
-1.59017
-2.78691
0.498686
-1.39599
-0.887964
-2.4795
2.22827
0.974291
1.41578
-1.52112
1.79016
-2.76985
-2.21842
0.952373
-2.70391
-2.91982
-0.0444037
0.618307
-2.15461
-0.556124
-2.28973
-0.349514
2.75424
2.32709
1.24777
-1.68887
-2.87159
2.47441
2.77689
1.96256
-1.20044
2.91888
0.0214563
-2.04924
-0.409304
2.62341
1.61145
1.54442
-1.19724
0.294706
2.61706
-1.85793
2.83358
-1.70478
-0.0250037
-0.642654
-1.37946
-0.359744
1.73907
2.48376
1.93992
2.34397
-2.10088
-2.63413
1.25625
0.495636
1.18899
-2.96712
-2.54353
1.21124
-2.34999
1.56999
2.3752
0.817879
0.148086
-1.36324
0.263916
1.44117
0.0598563
-0.849154
1.13217
-1.0476
1.9715
-2.72404
-2.57314
-1.4673
1.30705
-1.26187
1.05514
0.0610263
1.92126
-0.560094
1.1069
-0.576904
-1.45263
1.43223
-2.03515
-2.04508
-0.343624
0.280926
0.811526
-3.06405
-1.38504
-1.3682
1.73951
0.647195
3.11273
0.268966
2.98767
2.81532
0.122946
1.79905
2.63928
1.31601
0.0848363
-2.17256
1.12095
0.413186
2.91345
-2.3755
1.75092
0.389636
1.34488
0.783566
-1.98538
1.78941
-0.904004
-2.56535
2.50103
-1.32845
-1.28243
-1.45673
-0.544494
2.37027
-1.21289
0.282356
2.13456
2.55515
2.34693
1.59749
2.1158
-2.44892
-2.74541
