-11.148
-4.8645
-4.86415
-11.147
-11.1466
-11.1463
-11.1459
-11.1456
-4.86203
-4.86167
-4.86132
-11.1442
-4.86062
-11.1434
-4.85991
-4.85956
-4.8592
-4.85885
-4.8585
-4.85815
-4.85779
-4.85744
-11.1403
-4.85674
-11.1396
-4.85603
-11.1389
-4.85533
-4.85497
-11.1378
-4.85427
-11.1371
-11.1367
-11.1364
-4.85286
-11.1357
-4.85215
-4.8518
-4.85145
-11.1343
-4.85074
-4.85039
-4.85004
-11.1329
-4.84933
-11.1322
-11.1318
-11.1315
-4.84793
-4.84757
-11.1304
-4.84687
-4.84652
-11.1294
-11.129
-11.1286
-4.84511
-4.84476
-11.1276
-4.84405
-4.8437
-4.84335
-4.843
-11.1258
-4.84229
-4.84194
-4.84159
-4.84124
-11.1241
-4.84054
-4.84018
-4.83983
-4.83948
-4.83913
-11.122
-4.83843
-11.1213
-4.83772
-4.83737
-4.83702
-4.83667
-4.83632
-4.83596
-4.83561
-11.1184
-4.83491
-11.1177
-4.83421
-4.83386
-4.8335
-4.83315
-4.8328
-4.83245
-4.8321
-4.83175
-11.1146
-4.83105
-4.83069
-11.1135
-4.82999
-11.1128
-4.82929
-4.82894
-4.82859
-4.82824
-4.82789
-4.82753
-11.1104
-4.82683
-4.82648
-4.82613
-4.82578
-4.82543
-4.82508
-4.82473
-4.82438
-4.82403
-4.82367
-4.82332
-4.82297
-4.82262
-4.82227
-11.1051
-4.82157
-11.1044
-4.82087
-4.82052
-4.82017
-4.81982
-4.81947
-4.81911
-4.81876
-11.1016
-4.81806
-4.81771
-4.81736
-11.1002
-4.81666
-4.81631
-4.81596
-4.81561
-4.81526
-4.81491
-4.81456
-4.81421
-4.81386
-4.81351
-4.81316
-4.81281
-4.81246
-4.81211
-4.81175
-4.8114
-4.81105
-4.8107
-4.81035
-4.81
-4.80965
-4.8093
-4.80895
-4.8086
-4.80825
-4.8079
-4.80755
-4.8072
-4.80685
-4.8065
-4.80615
-4.8058
-4.80545
-4.8051
-4.80475
-4.8044
-4.80405
-4.8037
-4.80335
-4.803
-4.80265
-4.8023
-4.80195
-4.8016
-4.80125
-4.8009
-4.80055
-4.8002
-4.79985
-4.7995
-4.79915
-4.7988
-4.79845
-4.7981
-4.79775
-4.7974
-4.79705
-4.79671
-4.79636
-4.79601
-4.79566
-4.79531
-4.79496
-4.79461
-4.79426
-4.79391
-4.79356
-4.79321
-4.79286
-4.79251
1.49103
-4.79181
-4.79146
-4.79111
-4.79076
-4.79041
1.49312
-4.78971
-4.78936
-4.78902
-4.78867
-4.78832
-4.78797
-4.78762
-4.78727
-4.78692
1.49662
-4.78622
-4.78587
-4.78552
-4.78517
1.49836
-4.78447
-4.78412
-4.78378
-4.78343
-4.78308
-4.78273
-4.78238
-4.78203
-4.78168
-4.78133
-4.78098
-4.78063
-4.78028
-4.77993
-4.77959
-4.77924
-4.77889
-4.77854
-4.77819
-4.77784
-4.77749
-4.77714
-4.77679
-4.77644
-4.7761
-4.77575
-4.7754
-4.77505
-4.7747
1.50884
-4.774
-4.77365
1.50988
1.51023
-4.77261
-4.77226
1.51128
-4.77156
-4.77121
-4.77086
-4.77051
-4.77016
1.51337
-4.76947
-4.76912
-4.76877
-4.76842
-4.76807
-4.76772
1.51581
-4.76702
-4.76668
-4.76633
-4.76598
-4.76563
1.5179
-4.76493
-4.76458
-4.76424
-4.76389
1.51965
1.52
-4.76284
1.52069
-4.76214
1.52139
-4.76145
-4.7611
-4.76075
1.52278
-4.76005
-4.7597
-4.75936
-4.75901
-4.75866
-4.75831
-4.75796
-4.75761
-4.75726
-4.75692
1.52662
-4.75622
1.52731
1.52766
1.52801
-4.75483
-4.75448
-4.75413
1.52941
1.52975
1.5301
-4.75274
1.5308
-4.75204
-4.75169
1.53184
-4.75099
1.53254
-4.7503
1.53324
1.53359
1.53393
-4.7489
-4.74856
1.53498
1.53533
-4.74751
-4.74716
1.53637
-4.74647
-4.74612
1.53742
-4.74542
-4.74507
1.53846
1.53881
-4.74403
-4.74368
-4.74333
1.5402
-4.74264
-4.74229
-4.74194
-4.74159
-4.74124
-4.74089
1.54264
1.54299
-4.73985
-4.7395
-4.73915
-4.73881
1.54473
-4.73811
-4.73776
1.54577
1.54612
-4.73672
-4.73637
1.54716
-4.73567
1.54786
-4.73498
1.54856
1.5489
1.54925
1.5496
-4.73324
1.5503
1.55064
1.55099
-4.73185
1.55169
-4.73115
-4.7308
1.55273
-4.73011
1.55343
-4.72941
-4.72906
-4.72871
-4.72837
1.55517
-4.72767
1.55586
1.55621
-4.72663
-4.72628
1.55725
-4.72558
-4.72523
-4.72489
-4.72454
1.55899
-4.72384
-4.7235
-4.72315
1.56039
1.56073
-4.7221
1.56143
1.56178
-4.72106
1.56247
1.56282
1.56317
1.56352
1.56386
-4.71897
-4.71863
-4.71828
1.56526
-4.71758
1.56595
-4.71689
1.56665
-4.71619
1.56734
-4.7155
1.56804
1.56839
-4.71445
1.56908
1.56943
1.56978
1.57012
-4.71271
-4.71237
-4.71202
-4.71167
1.57186
-4.71097
1.57256
-4.71028
1.57325
1.5736
-4.70924
-4.70889
1.57464
1.57499
1.57534
-4.7075
1.57604
1.57638
1.57673
1.57708
-4.70576
-4.70541
1.57812
1.57847
-4.70437
1.57917
1.57951
-4.70332
-4.70298
1.58056
1.5809
-4.70193
-4.70159
1.58195
-4.70089
-4.70054
1.58299
-4.69985
-4.6995
-4.69915
-4.6988
1.58473
1.58508
-4.69776
1.58577
-4.69707
1.58647
1.58681
1.58716
1.58751
1.58786
1.58821
1.58855
1.5889
-4.69394
1.5896
1.58994
1.59029
-4.69255
1.59099
1.59133
1.59168
1.59203
1.59238
1.59272
1.59307
1.59342
-4.68942
1.59412
1.59446
-4.68837
1.59516
1.59551
1.59585
-4.68698
1.59655
-4.68629
1.59724
1.59759
1.59794
1.59829
1.59864
-4.6842
-4.68385
1.59968
1.60003
-4.68281
1.60072
1.60107
1.60142
1.60176
1.60211
1.60246
1.60281
1.60316
1.6035
1.60385
1.6042
1.60455
1.60489
-4.67794
1.60559
1.60594
1.60628
1.60663
1.60698
1.60733
1.60768
-4.67516
-4.67481
1.60872
1.60907
-4.67377
1.60976
-4.67308
1.61046
1.6108
1.61115
1.6115
1.61185
1.6122
1.61254
-4.67029
-4.66995
1.61359
1.61393
1.61428
1.61463
1.61498
1.61533
-4.66751
1.61602
1.61637
1.61672
1.61706
1.61741
1.61776
1.61811
1.61846
1.6188
1.61915
1.6195
1.61985
1.62019
1.62054
1.62089
-4.66195
1.62159
1.62193
1.62228
1.62263
1.62298
1.62332
1.62367
1.62402
1.62437
1.62472
1.62506
1.62541
1.62576
1.62611
1.62646
1.6268
1.62715
1.6275
1.62785
1.62819
1.62854
1.62889
1.62924
1.62959
1.62993
1.63028
1.63063
1.63098
1.63133
1.63167
1.63202
1.63237
1.63272
1.63307
1.63341
1.63376
1.63411
1.63446
1.63481
1.63515
1.6355
1.63585
1.6362
1.63655
1.63689
1.63724
1.63759
1.63794
1.63829
1.63863
1.63898
1.63933
1.63968
1.64003
1.64037
1.64072
7.92426
1.64142
1.64177
1.64211
1.64246
1.64281
1.64316
1.64351
1.64386
1.6442
1.64455
1.6449
1.64525
1.6456
1.64594
1.64629
1.64664
1.64699
1.64734
1.64769
1.64803
7.93157
1.64873
1.64908
1.64943
1.64977
1.65012
1.65047
7.934
1.65117
1.65152
1.65186
1.65221
1.65256
1.65291
1.65326
1.65361
1.65395
1.6543
1.65465
7.93818
1.65535
1.6557
7.93923
1.65639
1.65674
1.65709
1.65744
1.65779
7.94132
1.65848
1.65883
1.65918
7.94271
1.65988
1.66023
1.66057
1.66092
7.94446
1.66162
1.66197
1.66232
1.66266
7.9462
1.66336
7.9469
7.94724
1.66441
1.66476
1.6651
1.66545
1.6658
1.66615
1.6665
1.66685
1.6672
7.95073
1.66789
7.95143
1.66859
7.95213
1.66929
1.66964
1.66999
1.67033
7.95387
1.67103
7.95457
1.67173
7.95526
7.95561
1.67278
1.67312
7.95666
1.67382
1.67417
7.95771
7.95805
7.9584
1.67557
1.67592
1.67626
1.67661
1.67696
7.9605
1.67766
7.96119
1.67836
1.67871
1.67906
1.67941
1.67975
1.6801
1.68045
7.96399
1.68115
1.6815
1.68185
7.96538
1.68255
1.6829
1.68324
1.68359
7.96713
1.68429
1.68464
7.96818
7.96853
1.68569
7.96922
1.68639
7.96992
7.97027
1.68744
1.68778
1.68813
1.68848
1.68883
7.97237
7.97272
1.68988
1.69023
1.69058
1.69093
7.97446
7.97481
7.97516
1.69233
7.97586
7.97621
7.97656
1.69372
7.97726
1.69442
1.69477
1.69512
7.97866
7.97901
1.69617
7.97971
1.69687
1.69722
1.69757
1.69792
7.98145
1.69862
7.98215
1.69932
7.98285
1.70002
1.70037
7.9839
7.98425
7.9846
7.98495
7.9853
1.70247
7.986
1.70316
1.70351
7.98705
7.9874
1.70456
1.70491
7.98845
1.70561
1.70596
7.9895
1.70666
7.9902
1.70736
7.9909
1.70806
7.9916
7.99195
7.9923
7.99265
7.993
7.99335
7.9937
1.71086
1.71121
1.71156
1.71192
1.71227
1.71262
1.71297
7.9965
7.99685
7.9972
1.71437
1.71472
7.99825
1.71542
7.99895
7.9993
7.99965
1.71682
1.71717
1.71752
8.00106
8.00141
1.71857
1.71892
1.71927
8.00281
8.00316
8.00351
8.00386
1.72103
1.72138
8.00491
1.72208
8.00561
1.72278
8.00631
8.00667
8.00702
1.72418
8.00772
1.72488
1.72523
8.00877
1.72594
1.72629
8.00982
8.01017
1.72734
8.01088
1.72804
8.01158
8.01193
8.01228
8.01263
1.7298
1.73015
8.01368
8.01403
8.01439
8.01474
8.01509
8.01544
1.7326
8.01614
8.01649
8.01684
8.01719
8.01755
8.0179
8.01825
1.73541
8.01895
1.73612
8.01965
8.02001
8.02036
8.02071
8.02106
8.02141
8.02176
8.02211
1.73928
1.73963
8.02317
8.02352
8.02387
1.74104
1.74139
8.02493
1.74209
8.02563
8.02598
8.02633
8.02668
8.02704
8.02739
8.02774
8.02809
8.02844
8.0288
8.02915
8.0295
1.74667
1.74702
8.03055
8.03091
8.03126
8.03161
8.03196
8.03231
8.03267
8.03302
8.03337
8.03372
8.03408
8.03443
8.03478
8.03513
8.03548
8.03584
1.753
8.03654
8.03689
8.03725
8.0376
8.03795
8.0383
8.03866
8.03901
8.03936
8.03971
8.04006
8.04042
8.04077
8.04112
8.04148
8.04183
8.04218
8.04253
8.04289
8.04324
8.04359
8.04394
8.0443
8.04465
8.045
8.04535
8.04571
8.04606
8.04641
8.04677
8.04712
8.04747
8.04783
8.04818
8.04853
8.04888
8.04924
8.04959
8.04994
8.0503
8.05065
