431.281
506.701
569.532
701.416
651.202
852.27
814.564
783.156
670.008
695.188
3472.36
506.669
588.359
556.942
519.241
663.77
626.083
305.638
626.067
802.011
644.923
695.18
695.139
751.728
726.587
3302.72
713.987
274.216
550.657
-649.408
600.899
588.31
632.32
619.778
613.463
575.812
582.021
5011.74
632.319
845.982
525.551
582.032
569.499
644.881
443.862
669.998
556.954
626.046
720.319
663.696
770.585
2523.6
745.463
783.135
651.18
820.862
688.869
594.582
745.436
500.414
720.296
-286.601
613.444
1047.05
651.178
412.437
714.028
443.87
701.457
2240.86
299.357
607.186
657.463
764.311
663.766
745.464
632.356
644.924
418.737
5558.38
814.578
839.691
651.179
638.58
707.763
651.202
556.946
594.665
663.709
632.354
362.181
651.13
720.331
713.973
977.94
5765.72
707.717
682.623
600.95
701.467
-121.623
632.285
670.014
720.318
707.753
651.13
657.486
619.747
638.629
569.504
764.312
651.15
682.589
644.868
569.448
173.691
670.026
318.197
720.33
682.618
588.372
462.717
845.995
512.959
330.768
695.146
512.986
582.052
644.896
644.912
670.003
588.298
607.222
-65.0763
5514.4
644.905
594.595
676.259
757.991
695.16
393.597
594.597
582.038
751.721
638.585
211.391
990.507
644.85
607.156
519.26
657.478
695.135
619.771
619.8
726.564
657.463
525.529
1003.06
852.266
588.316
644.883
670.046
644.89
494.117
500.401
613.503
563.251
701.481
569.503
713.96
707.727
613.461
644.859
701.426
626.002
500.417
670.041
638.633
682.632
670.045
355.905
657.493
594.642
676.258
550.67
695.153
406.157
651.172
682.577
657.428
544.391
651.186
682.626
757.999
582.059
638.57
588.372
651.191
644.928
107.153
588.351
676.345
732.88
544.402
632.288
582.066
619.779
582.052
789.432
651.126
695.175
594.599
657.437
669.993
657.499
751.716
626.014
550.661
663.737
651.129
531.83
600.906
695.148
657.435
933.957
663.774
651.136
625.998
613.436
638.634
1310.95
632.364
657.429
462.702
607.179
626.065
437.569
651.167
676.346
582.048
619.715
626.009
607.216
443.863
632.348
801.999
644.913
525.536
626.081
600.95
657.474
682.581
669.977
707.687
638.599
732.897
732.839
582.075
644.892
613.495
286.781
670.032
531.82
632.333
638.574
651.132
626
701.447
544.401
538.118
619.766
745.455
443.871
2335.1
569.483
619.772
713.994
575.793
468.988
644.926
582.07
563.241
783.15
-555.159
173.684
714.047
657.455
-773.889
644.926
701.415
676.289
720.331
5269.35
839.711
469.003
657.482
657.415
695.136
644.91
663.782
311.923
745.442
1185.28
833.428
644.931
714.038
619.796
644.868
519.239
-459.874
556.916
663.765
619.722
575.794
626.034
670.043
588.376
682.564
594.629
726.545
751.743
651.133
933.946
651.14
613.517
757.984
792.99
607.223
626.057
714.037
588.317
607.226
701.466
663.768
632.307
594.626
732.819
487.832
626.063
670.051
575.779
563.193
695.137
682.587
626.064
695.172
563.222
644.844
563.251
-153.515
952.796
613.515
626.056
569.501
657.482
632.366
613.508
688.915
644.916
600.895
676.326
594.641
619.753
588.363
638.568
613.487
688.91
-521.159
575.804
613.447
569.486
783.149
644.923
688.855
431.29
795.727
663.754
688.86
676.343
676.349
644.891
481.57
613.489
613.496
669.994
575.8
626.045
626.019
443.871
594.667
676.327
682.582
801.98
707.741
644.91
550.676
952.796
600.931
695.181
713.979
343.329
632.302
563.24
651.202
619.751
588.358
638.638
663.744
669.999
619.793
707.762
720.286
619.715
626.064
475.271
707.764
933.952
538.119
864.844
374.746
701.481
726.573
638.634
506.682
732.881
211.392
494.136
883.694
-379.23
613.501
450.134
726.611
669.995
638.59
676.325
720.327
563.188
626.063
657.461
644.857
538.113
676.327
682.63
544.39
682.554
626.041
600.913
600.892
892.813
701.457
720.273
3095.37
638.631
575.774
789.445
538.11
644.932
594.653
544.402
644.843
575.815
657.47
695.172
550.642
657.437
550.662
619.759
663.722
531.804
670.064
563.25
644.885
676.332
669.99
575.802
192.536
588.32
594.652
695.174
582.085
600.941
355.903
569.534
626.053
607.202
657.485
556.968
180.706
600.947
607.229
632.364
644.916
575.808
575.8
588.33
644.917
695.187
695.155
588.381
644.856
170.958
5929.09
538.093
714.023
531.835
783.162
688.875
644.929
657.481
613.476
600.925
626.043
726.614
594.64
745.46
726.577
305.64
625.995
4019
362.183
758.006
437.588
732.823
619.718
594.667
525.552
632.327
538.119
757.974
632.324
915.098
940.235
657.484
613.506
670.065
644.914
695.194
500.417
632.278
984.219
469.004
525.552
487.843
588.34
758.029
632.357
569.505
563.18
-83.9242
626.022
638.571
1122.45
663.725
500.419
720.314
594.667
613.512
713.98
714.047
613.475
996.791
644.92
632.366
688.915
758.024
594.663
701.473
682.631
550.682
550.682
695.198
613.514
582.099
607.215
714.043
575.814
651.209
613.506
663.701
644.924
764.31
651.2
607.226
695.191
726.594
468.996
619.785
758.02
619.787
745.458
682.598
626.016
940.236
644.915
663.727
802.012
644.907
475.287
582.076
908.813
619.796
651.206
550.63
556.955
443.871
688.908
594.641
588.377
845.995
688.909
688.895
915.101
651.216
657.484
607.231
776.878
776.88
531.826
607.23
764.293
393.605
594.577
626.082
286.79
764.298
864.831
594.665
758.024
657.44
619.8
594.641
619.791
720.33
651.206
745.464
657.493
337.056
644.878
726.613
4571.92
695.111
695.191
701.428
695.194
682.629
720.252
462.72
569.518
802.012
588.361
682.576
644.931
682.629
638.633
563.174
688.907
619.799
594.646
758.025
682.625
676.346
688.893
613.496
682.632
462.72
695.193
827.145
644.932
588.384
575.796
619.794
676.305
663.778
431.304
-115.335
732.841
644.859
971.646
619.791
701.447
701.432
651.216
437.578
575.809
594.665
512.982
607.227
594.661
-171.884
644.908
1021.92
707.765
663.764
657.47
959.08
657.478
651.216
776.845
695.19
588.371
670.04
701.481
16.6114
714.033
688.843
845.994
688.842
531.835
588.36
632.355
720.308
582.1
393.603
594.666
676.343
1015.64
544.4
644.932
751.745
695.133
669.985
538.099
670.02
98.2929
638.593
-301.462
469.002
594.66
582.099
594.657
663.769
688.9
469.003
318.197
688.883
682.62
732.891
4609.62
531.833
494.104
556.945
588.383
764.267
198.826
701.405
682.632
714.034
588.384
657.489
626.058
726.581
450.138
676.269
582.089
-1272.82
714.015
619.765
104.569
651.2
575.816
638.638
506.701
607.215
588.323
425.021
940.229
575.793
512.986
638.647
619.78
167.409
801.994
864.834
619.797
582.069
538.118
802.011
676.342
651.204
5294.49
651.164
613.477
651.208
1034.49
651.194
688.827
607.204
720.285
682.619
79.444
682.579
638.636
550.668
381.028
915.108
714.029
487.836
682.603
695.188
418.737
619.789
607.206
789.424
607.229
563.251
600.95
600.948
-83.9232
651.212
688.902
946.522
-462.454
695.187
927.673
877.411
644.933
701.464
619.774
663.7
670.045
644.856
613.469
651.213
619.781
707.764
632.34
676.329
4892.36
657.497
494.136
701.471
707.719
676.329
575.775
399.887
619.777
626.079
582.091
626.036
695.182
783.163
739.149
588.382
1021.92
5112.27
632.347
607.229
632.35
745.464
670.044
626.064
607.212
670.025
751.737
61.2215
73.8661
626.075
644.92
556.911
582.089
726.614
707.765
588.366
657.494
-71.357
5489.26
707.699
619.768
588.358
575.798
670.057
751.71
714.021
626.082
701.476
117.137
714.013
600.926
613.449
582.099
569.474
4465.1
148.555
600.889
613.505
663.78
638.588
4.03722
588.301
613.491
682.627
487.851
839.711
569.527
695.124
657.494
600.886
789.446
5325.9
431.303
569.533
588.374
588.384
644.927
267.931
657.475
311.923
707.741
707.75
808.295
575.815
814.579
657.498
550.655
5313.33
104.577
600.948
525.528
632.365
720.33
732.889
632.366
732.896
4188.64
462.703
663.725
732.897
506.687
1053.34
3221.03
544.388
607.161
456.435
663.779
619.778
582.086
663.778
5627.49
-219.229
695.177
613.516
651.201
588.384
607.214
525.552
682.631
588.349
626.074
764.31
607.216
525.513
676.348
293.073
-492.327
626.083
695.196
682.63
443.846
374.753
632.359
1003.07
626.047
236.525
431.304
707.758
676.336
670.065
525.549
5633.78
1681.65
670.059
663.758
550.684
-662.962
682.548
670.047
701.397
607.211
852.276
732.894
575.816
707.752
556.96
726.614
600.911
92.0016
494.113
481.568
619.785
1078.47
707.757
632.346
657.491
4238.91
197.23
802.012
764.262
619.8
965.374
569.52
