0
0.1
0.2
0.3
0.4
0.5
0.6
0.7
0.8
0.9
1
1.1
1.2
1.3
1.4
1.5
1.6
1.7
1.8
1.9
2
2.1
2.2
2.3
2.4
2.5
2.6
2.7
2.8
2.9
3
3.1
3.2
3.3
3.4
3.5
3.6
3.7
3.8
3.9
4
4.1
4.2
4.3
4.4
4.5
4.6
4.7
4.8
4.9
5
5.1
5.2
5.3
5.4
5.5
5.6
5.7
5.8
5.9
6
6.1
6.2
6.3
6.4
6.5
6.6
6.7
6.8
6.9
7
7.1
7.2
7.3
7.4
7.5
7.6
7.7
7.8
7.9
8
8.1
8.2
8.3
8.4
8.5
8.6
8.7
8.8
8.9
9
9.1
9.2
9.3
9.4
0.441422
0.442566
0.443707
0.444845
0.445982
0.447116
0.448247
0.449376
0.450503
0.451628
0.45275
0.45387
0.454988
0.456103
0.457216
0.458327
0.459435
0.460541
0.461645
0.462747
0.463847
0.464944
0.466039
0.467132
0.468222
0.469311
0.470397
0.471481
0.472563
0.473643
0.474721
0.475796
0.476869
0.477941
0.47901
0.480077
0.481142
0.482204
0.483265
0.484324
0.48538
0.486435
0.487487
0.488537
0.489586
0.490632
0.491676
0.492718
0.493759
0.494797
0.495833
0.496867
0.497899
0.498929
0.499957
0.500984
0.502008
0.50303
0.50405
0.505069
0.506085
0.5071
0.508112
0.509123
0.510131
0.511138
0.512143
0.513146
0.514147
0.515146
0.516143
0.517138
0.518132
0.519123
0.520113
0.521101
0.522087
0.523071
0.524053
0.525034
0.526012
0.526989
0.527964
0.528937
0.529908
0.530877
0.531845
0.532811
0.533775
0.534737
0.535697
0.536656
0.537612
0.538567
0.539521
0.540472
0.541422
0.54237
0.543316
0.54426
0.545203
0.546143
0.547082
0.54802
0.548955
0.549889
0.550821
0.551752
0.55268
0.553607
0.554532
0.555456
0.556378
0.557298
0.558216
0.559133
0.560047
0.560961
0.561872
0.562782
0.56369
0.564597
0.565501
0.566405
0.567306
0.568206
0.569104
0.57
0.570895
0.571788
0.572679
0.573569
0.574457
0.575344
0.576228
0.577112
0.577993
0.578873
0.579751
0.580628
0.581503
0.582376
0.583248
0.584118
0.584986
0.585853
0.586718
0.587582
0.588444
0.589304
0.590163
0.59102
0.591876
0.59273
0.593582
0.594433
0.595282
0.596129
0.596975
0.59782
0.598662
0.599504
0.600343
0.601181
0.602018
0.602852
0.603686
0.604517
0.605348
0.606176
0.607003
0.607829
0.608652
0.609475
0.610295
0.611115
0.611932
0.612748
0.613563
0.614376
0.615187
0.615997
0.616805
0.617612
0.618417
0.619221
0.620023
0.620823
0.621622
0.62242
0.623216
0.62401
0.624803
0.625594
0.626384
0.627173
0.627959
0.628745
0.629528
0.63031
0.631091
0.63187
0.632648
0.633424
0.634198
0.634971
0.635743
0.636513
0.637281
0.638048
0.638814
0.639578
0.64034
0.641101
0.64186
0.642618
0.643375
0.64413
0.644883
0.645635
0.646385
0.647134
0.647881
0.648627
0.649372
0.650114
0.650856
0.651596
0.652334
0.653071
0.653806
0.65454
0.655272
0.656003
0.656733
0.657461
0.658187
0.658912
0.659635
0.660357
0.661078
0.661797
0.662514
0.66323
0.663945
0.664658
0.665369
0.666079
0.666788
0.667495
0.668201
0.668905
0.669607
0.670308
0.671008
0.671706
0.672403
0.673098
0.673792
0.674484
0.675175
0.675864
0.676552
0.677238
0.677923
0.678607
0.679289
0.679969
0.680648
0.681326
0.682002
0.682676
0.683349
0.684021
0.684691
0.68536
0.686027
0.723159
0.723495
0.723831
0.724168
0.724504
0.72484
0.725176
0.725512
0.725848
0.726185
0.726521
0.726857
0.727193
0.727529
0.727865
0.728202
0.728538
0.728874
0.72921
0.729546
0.729883
0.730219
0.730555
0.730891
0.731228
0.731564
0.7319
0.732236
0.732572
0.732909
0.733245
0.733581
0.733918
0.734254
0.73459
0.734926
0.735263
0.735599
0.735935
0.736271
0.736608
0.736944
0.73728
0.737617
0.737953
0.738289
0.738626
0.738962
0.739298
0.739635
0.739971
0.740307
0.740644
0.74098
0.741317
0.741653
0.741989
0.742326
0.742662
0.742999
0.743335
0.743671
0.744008
0.744344
0.744681
0.745017
0.745354
0.74569
0.746026
0.746363
0.746699
0.747036
0.747372
0.747709
0.748045
0.748382
0.748718
0.749055
0.749391
0.749728
0.750064
0.750401
0.750737
0.751074
0.751411
0.751747
0.752084
0.75242
0.752757
0.753093
0.75343
0.753767
0.754103
0.75444
0.754777
0.755113
0.75545
0.755786
0.756123
0.75646
0.756796
0.757133
0.75747
0.757806
0.758143
0.75848
0.758817
0.759153
0.75949
0.759827
0.760164
0.7605
0.760837
0.761174
0.761511
0.761847
0.762184
0.762521
0.762858
0.763195
0.763531
0.763868
0.764205
0.764542
0.764879
0.765216
0.765552
0.765889
0.766226
0.766563
0.7669
0.767237
0.767574
0.767911
0.768248
0.768585
0.768922
0.769259
0.769596
0.769933
0.77027
0.770607
0.770944
0.771281
0.771618
0.771955
0.772292
0.772629
0.772966
0.773303
0.77364
0.773977
0.774314
0.774651
0.774988
0.775326
0.775663
0.776
0.776337
0.776674
0.777011
0.777348
0.777686
0.778023
0.77836
0.778697
0.779035
0.779372
0.779709
0.780046
0.780384
0.780721
0.781058
0.781395
0.781733
0.78207
0.782407
0.782745
0.783082
0.783419
0.783757
0.784094
0.784432
0.784769
0.785106
0.785444
0.785781
0.786119
0.786456
0.786794
0.787131
0.787469
0.787806
0.788144
0.788481
0.788819
0.789156
0.789494
0.789831
0.790169
0.790507
0.790844
0.791182
0.791519
0.791857
0.792195
0.792532
0.79287
0.793208
0.793545
0.793883
0.794221
0.794559
0.794896
0.795234
0.795572
0.79591
0.796247
0.796585
0.796923
0.797261
0.797599
0.797936
0.798274
0.798612
0.79895
0.799288
0.799626
0.799964
0.800302
0.80064
0.800978
0.801316
0.801654
0.801992
0.80233
0.802668
0.803006
0.803344
0.803682
0.80402
0.804358
0.804696
0.805034
0.805372
0.80571
0.806049
0.806387
0.806725
0.807063
0.807401
0.807739
0.808078
0.808416
0.808754
0.809092
0.809431
0.809769
0.810107
0.810446
0.810784
0.811122
0.811461
0.811799
0.812137
0.812476
0.812814
0.813153
0.813491
0.81383
0.814168
0.814507
0.814845
0.815184
0.815522
0.815861
0.816199
0.816538
0.816876
0.817215
0.817554
0.817892
0.818231
0.818569
0.818908
0.819247
0.819585
0.819924
0.820263
0.820602
0.82094
0.821279
0.821618
0.821957
0.822296
0.822634
0.822973
0.823312
0.823651
0.82399
0.824329
0.824668
0.825007
0.825346
0.825685
0.826024
0.826363
0.826702
0.827041
0.82738
0.827719
0.828058
0.828397
0.828736
0.829075
0.829414
0.829753
0.830093
0.830432
0.830771
0.83111
0.831449
0.831789
0.832128
0.832467
0.832807
0.833146
0.833485
0.833825
0.834164
0.834503
0.834843
0.835182
0.835522
0.835861
0.836201
0.83654
0.836879
0.837219
0.837559
0.837898
0.838238
0.838577
0.838917
0.839256
0.839596
0.839936
0.840275
0.840615
0.840955
0.841295
0.841634
0.841974
0.842314
0.842654
0.842993
0.843333
0.843673
0.844013
0.844353
0.844693
0.845033
0.845373
0.845712
0.846052
0.846392
0.846732
0.847072
0.847412
0.847753
0.848093
0.848433
0.848773
0.849113
0.849453
0.849793
0.850133
0.850474
0.850814
0.851154
0.851494
0.851835
0.852175
0.852515
0.852856
0.853196
0.853536
0.853877
0.854217
0.854557
0.854898
0.855238
0.855579
0.855919
0.85626
0.8566
0.856941
0.857282
0.857622
0.857963
0.858303
0.858644
0.858985
0.859325
0.859666
0.860007
0.860348
0.860688
0.861029
0.86137
0.861711
0.862052
0.862393
0.862733
0.863074
0.863415
0.863756
0.864097
0.864438
0.864779
0.86512
0.865461
0.865802
0.866143
0.866485
0.866826
0.867167
0.867508
0.867849
0.86819
0.868532
0.868873
0.869214
0.869556
0.869897
0.870238
0.87058
0.870921
0.871262
0.871604
0.871945
0.872287
0.872628
0.87297
0.873311
0.873653
0.835419
0.835418
0.835416
0.835412
0.835407
0.8354
0.835392
0.835382
0.835371
0.835358
0.835344
0.835328
0.835311
0.835292
0.835272
0.835251
0.835227
0.835203
0.835177
0.835149
0.83512
0.83509
0.835058
0.835024
0.834989
0.834953
0.834915
0.834875
0.834834
0.834792
0.834748
0.834703
0.834656
0.834607
0.834558
0.834506
0.834453
0.834399
0.834343
0.834286
0.834227
0.834167
0.834105
0.834042
0.833978
0.833911
0.833844
0.833775
0.833704
0.833632
0.833558
0.833483
0.833407
0.833328
0.833249
0.833168
0.833085
0.833001
0.832916
0.832829
0.83274
0.83265
0.832559
0.832466
0.832371
0.832276
0.832178
0.832079
0.831979
0.831877
0.831773
0.831669
0.831562
0.831454
0.831345
0.831234
0.831122
0.831008
0.830892
0.830776
0.830657
0.830537
0.830416
0.830293
0.830169
0.830043
0.829916
0.829787
0.829657
0.829525
0.829391
0.829257
0.82912
0.828982
0.828843
0.828702
0.82856
0.828416
0.82827
0.828124
0.827975
0.827825
0.827674
0.827521
0.827367
0.827211
0.827053
0.826894
0.826734
0.826572
0.826408
0.826243
0.826077
0.825908
0.825739
0.825568
0.825395
0.825221
0.825045
0.824868
0.824689
0.824509
0.824327
0.824144
0.823959
0.823773
0.823585
0.823396
0.823205
0.823012
0.822818
0.822622
0.822425
0.822227
0.822027
0.821825
0.821622
0.821417
0.82121
0.821003
0.820793
0.820582
0.82037
0.820155
0.81994
0.819723
0.819504
0.819284
0.819062
0.818838
0.818613
0.818387
0.818159
0.817929
0.817698
0.817465
0.81723
0.816995
0.816757
0.816518
0.816277
0.816035
0.815791
0.815546
0.815299
0.81505
0.8148
0.814548
0.814295
0.81404
0.813783
0.813525
0.813265
0.813004
0.812741
0.812477
0.81221
0.811943
0.811673
0.811402
0.81113
0.810855
0.81058
0.810302
0.810023
0.809742
0.80946
0.809176
0.80889
0.808603
0.808314
0.808024
0.807732
0.807438
0.807142
0.806845
0.806546
0.806246
0.805944
0.80564
0.805335
0.805028
0.804719
0.804409
0.804096
0.803783
0.803467
0.80315
0.802831
0.802511
0.802189
0.801865
0.801539
0.801212
0.800883
0.800552
0.80022
0.799885
0.79955
0.799212
0.798873
0.798532
0.798189
0.797844
0.797498
0.79715
0.7968
0.796449
0.796096
0.795741
0.795384
0.795025
0.794665
0.794303
0.793939
0.793573
0.793206
0.792837
0.792466
0.792093
0.791718
0.791342
0.790964
0.790584
0.790202
0.789818
0.789432
0.789045
0.788656
0.788265
0.787872
0.787477
0.78708
0.786682
0.786282
0.785879
0.785475
0.785069
0.784661
0.784251
0.78384
0.783426
0.783011
0.782593
0.782174
0.781753
0.781329
0.780904
0.780477
0.780048
0.779617
0.779184
0.778749
0.778312
0.777873
0.777432
0.776989
