2.1732
-1.33708
0.582696
2.60075
-2.5155
1.83799
2.88722
2.65071
0.705408
-1.40588
-0.982723
-2.11589
-1.23143
1.67196
1.44958
-1.05397
0.258397
-0.24534
-0.999404
-0.0900625
-0.690323
-1.64196
2.40009
-1.54736
-2.30286
1.1513
2.62918
-1.87169
0.175369
1.5979
-0.838287
2.22809
-2.51648
-2.5045
-0.817654
2.42255
-0.738578
-1.22377
-1.81894
2.76128
-1.14079
-1.67319
0.805038
2.81289
-0.290164
-3.05752
1.73144
-2.67923
-0.0627797
0.376031
1.60447
0.510801
-0.988935
1.96546
2.38605
2.11078
-1.34088
0.0883259
1.90483
1.17249
-0.309856
-2.4597
-1.79748
2.44269
0.468497
-1.88138
-0.93254
-0.335902
2.45774
-0.919271
-0.125938
-1.86518
-2.0092
-1.86079
2.0062
-2.6481
1.68352
0.622715
-1.56962
-2.08056
-2.5613
-2.89204
0.75894
-2.39133
2.77461
0.172461
2.54288
-0.0539473
0.748729
-2.77661
1.34597
0.610927
1.33176
-1.47053
-2.67314
2.9172
-2.55081
0.0065443
1.93465
-1.39074
2.28212
-1.12739
0.839928
3.09696
1.25087
-0.37174
-2.05369
2.34774
-1.05521
-1.2024
-0.112749
1.11375
0.688906
0.236406
-1.6304
-0.727489
-1.1014
-1.24795
-2.51698
0.230892
-2.41901
0.25129
2.0898
-1.29182
1.70496
-1.30571
-2.41345
1.07324
-1.0282
-1.87509
-3.01724
2.67833
2.01321
-2.66653
3.0656
-0.854251
2.08738
3.04405
0.571643
-0.620524
2.70262
-0.869045
-2.18213
0.956922
-2.8902
0.762081
-3.0551
-1.75979
1.16763
-2.97192
0.415547
2.94114
0.0494183
1.05971
1.29168
-0.0752729
1.54821
1.04494
-1.40289
-2.95023
-2.56739
0.24551
-0.634158
-2.03332
-0.783043
2.47597
2.86018
2.04928
0.88833
-0.659174
2.03751
-2.8567
2.67087
3.13254
0.923569
0.852698
-0.195426
-1.55106
-3.07543
-2.63883
-1.28815
-0.535949
1.87064
-2.33101
0.92062
-2.92084
2.13598
0.811025
-0.826461
0.113576
2.34276
1.98359
0.208289
0.811685
0.443867
1.27535
-1.77908
3.01733
-0.741291
1.84488
-2.21556
-0.542702
3.1182
-2.07221
0.699517
2.4785
0.348452
1.37975
1.80807
-2.48938
1.95822
-3.09043
-1.04653
1.46876
-3.04031
-0.524324
0.282203
-1.65026
-0.0711834
0.365354
0.834163
2.16039
-1.37007
1.41032
-2.99386
0.344074
-2.24018
-1.07434
1.51523
-1.42447
-0.859448
-2.40632
-0.942612
2.02707
-1.06392
0.133953
-0.272331
-2.12536
1.94887
-3.05444
-0.287495
-1.78051
-0.951865
0.0918063
-0.986289
3.08723
-3.0902
-2.87207
0.0242373
2.11695
-0.4756
-2.20942
-2.49734
-2.68237
2.02159
3.10044
2.16469
2.15449
1.32031
2.23899
-0.134161
0.630617
1.3602
-1.01844
2.07074
0.499163
-2.8975
-0.191885
-0.859547
2.24773
-1.36625
1.12155
-0.635997
-0.564545
-1.02372
-2.19888
-2.05864
-1.55709
0.343083
-0.873246
2.0204
1.69454
-2.91829
2.62211
1.25331
-2.47078
-1.70438
-2.36308
-2.9921
1.44387
1.33852
-1.3933
0.188587
1.71741
0.454667
2.70025
1.80401
1.67996
0.175066
-0.393612
-0.156384
2.17018
2.00656
-2.06973
-1.74334
-2.13411
2.50135
1.95895
2.01918
0.288989
-0.548868
0.940525
1.4613
0.544801
1.69846
-2.23561
2.07868
1.17423
0.969962
0.528082
-1.29221
0.0388782
-0.654878
1.59562
0.823348
2.71349
-0.0806471
-1.6379
1.26976
1.2026
1.32199
-2.33988
-1.93224
-0.178713
0.199697
-2.7946
2.38
1.53274
2.99416
1.68109
1.40681
-0.849327
-1.7383
1.16244
-0.443425
2.27129
-2.92834
3.13359
1.27152
2.16343
-2.81921
-2.62301
-2.97994
2.67627
-3.10352
1.17305
1.15091
-1.53649
-1.69586
2.72204
1.97211
-0.583917
-2.71132
-1.44738
1.36891
0.753961
2.63977
2.62548
-0.977013
2.3369
0.190485
-2.01115
0.271442
1.33026
0.686355
-0.371411
-2.43106
1.01871
0.890851
-1.11187
-1.20751
-0.213414
2.19125
3.1057
0.289996
-1.62345
-1.20661
1.80007
1.69439
-2.16577
1.76625
1.55626
-2.39136
0.633805
1.05892
1.71951
2.8094
-1.31177
2.71037
2.86534
-2.32119
2.99803
0.440665
-2.21423
2.30655
-1.55129
0.121831
1.07576
1.81372
-1.20714
-0.0163978
2.97946
-0.530982
1.1027
-1.32203
-0.804235
-1.66642
3.09086
-1.76292
-3.14034
-0.457099
-1.77585
-0.0331645
-2.33823
0.513189
2.05492
-0.290349
-1.93868
0.845432
0.124353
2.78602
-1.00929
0.011205
-0.839237
1.13344
-2.83818
2.44987
3.12305
2.50633
0.785113
-2.55944
1.35868
3.11142
-1.99433
0.402995
3.06387
2.72144
1.18879
-0.398208
-0.377253
-2.32439
-1.22445
-1.00298
0.628195
-0.305812
2.88616
1.70617
-1.99221
-2.19477
-2.36599
-1.04458
-0.469956
2.12519
-2.95409
-2.25539
0.799642
2.46929
2.50306
-1.32716
2.98659
-2.54914
-2.04348
2.91227
2.16444
1.60058
2.96268
0.673047
0.684118
2.35523
-2.53808
-2.94062
-0.778561
-0.300435
-0.214277
-0.179444
0.128666
-2.40043
-1.10223
-0.373361
2.23573
-0.915535
1.24296
0.721339
2.83557
1.46304
-2.15572
0.0445637
-1.11583
-1.55444
0.537332
0.471442
-2.40724
-3.02778
-2.16434
-2.55551
3.10022
-2.28051
-1.53155
-0.299642
1.88714
1.52213
1.97398
-1.98939
1.11104
0.196297
-3.02225
0.32487
1.97924
2.54563
-1.13307
-1.39058
2.21042
-2.33793
-0.201757
-2.99304
-1.63051
0.582522
0.979181
0.553167
-2.94439
-2.00561
0.0195512
-1.55458
1.40372
-2.77967
2.51986
0.55203
-0.253491
0.571234
0.494347
-1.50386
-1.01129
-0.317546
1.70329
2.29066
-2.44848
-1.94943
1.97629
-1.13592
2.3391
-2.20428
1.27948
-0.310339
0.666651
-0.579612
-0.647744
-1.99058
2.41138
2.0397
-0.941512
-2.29181
0.80046
2.56586
-1.44086
-3.03137
2.36388
-2.67573
-2.97076
-1.73616
1.53799
-0.59869
-0.483801
-0.325524
-2.6027
2.98265
-0.631128
-1.99381
-1.50092
-2.41647
-0.716174
2.79233
1.76116
-0.567473
2.58203
0.97193
-1.42223
2.99146
2.93997
-2.02076
-3.08489
0.543394
0.386594
-0.0175396
-0.600641
1.42651
-1.47702
0.438875
1.09483
2.68788
-1.98834
-2.2643
0.561013
-2.0173
2.9351
0.588179
-3.10375
-3.12333
1.35718
2.32057
-1.09403
-0.908635
0.326663
-0.777069
1.82856
-2.37332
0.928873
1.66108
-3.13824
2.93092
1.91632
-0.200728
0.291263
-2.05605
-0.331475
-0.340968
3.07847
2.47982
-1.58984
0.381401
-2.25694
0.369503
3.01819
1.97373
-1.12025
-0.806268
0.982701
-2.08043
0.79357
1.46797
-1.88941
0.229604
1.73876
1.58816
-1.49444
-0.553069
0.366867
-2.39107
-0.421604
0.968729
-1.09125
-1.15954
0.832477
-3.11436
-1.70043
-2.03861
1.5887
-3.05659
2.20553
-1.22104
1.07293
2.83737
-0.518944
0.621029
-1.04722
-2.58674
0.269316
1.52801
2.51314
-2.35032
0.130549
2.00063
-0.0691182
-0.921786
0.113397
-0.393436
-3.00166
0.445855
-0.971244
0.784677
-3.13197
-0.897172
1.12145
-1.09094
1.67398
-1.39156
-2.55024
-0.356237
0.827418
-1.71428
0.450282
-1.09045
1.51407
1.76079
1.80305
0.147709
-1.63641
1.52064
2.28627
-0.427409
-2.15454
2.71871
0.949746
0.186346
1.41218
0.591491
-2.2327
-2.09983
-2.91629
-1.7725
2.17558
1.94837
3.07583
1.89009
2.71566
1.44893
2.64462
0.402657
-0.235263
0.639612
-0.839114
-0.659135
-1.44408
2.19725
1.42179
-1.72147
0.836967
-0.755874
0.785114
1.56361
2.70297
1.89694
-0.0258014
-1.92242
-0.315706
0.936387
0.759689
0.657933
2.81089
3.00471
2.55541
1.83601
-0.872911
-0.176806
2.09319
0.860461
-1.78077
-3.10868
2.75975
1.58225
1.71158
-1.38794
-3.0123
0.579151
-2.52781
-2.64766
-2.63792
1.24168
1.77216
-1.41618
-1.22783
1.70513
0.00939815
-1.03136
-1.38256
0.0956735
1.27534
2.19057
-0.274085
-2.32783
0.993774
-0.767766
2.22205
-1.58068
-2.96981
-3.12121
-2.34803
0.00421396
0.460199
-2.89228
-1.76889
-2.25794
-2.41988
1.19583
0.167452
-0.582306
-2.19961
0.544127
1.20397
1.44418
2.07814
0.285267
2.26618
-2.4834
2.2337
-0.981443
-1.01224
-1.7495
0.803978
-1.37224
-1.8251
-2.51438
1.80432
0.979038
-3.05669
-0.475609
2.43858
-1.29183
-1.49459
1.63536
-0.827869
1.27493
-0.0796913
0.343307
1.39733
2.37916
-0.566962
2.76984
2.25732
-0.816104
0.62156
1.67131
1.72574
-1.43349
2.92557
2.05147
-0.241308
-2.79678
-1.50637
-2.27021
-1.477
-2.74769
-0.206011
0.972944
-1.12607
0.361423
-1.63519
-0.700614
-1.84333
2.46809
2.85487
2.66243
-2.34356
1.69219
-2.43444
-2.32201
1.01482
1.38158
-1.23589
1.82794
3.01079
1.05966
-2.54149
-2.14686
0.87481
-0.229367
2.79769
1.83761
2.15994
-1.04836
1.16327
2.17161
-2.96812
1.87865
-1.51682
-2.01978
-0.103709
1.33171
3.12222
1.92548
-1.07211
-2.96679
-2.45876
2.23289
0.657478
-0.596505
-0.155014
-3.09192
0.219362
1.94254
2.49397
-0.618423
2.00848
1.79257
-1.6152
-0.952489
2.55778
-2.12692
2.42266
-1.92031
1.18344
0.756296
-0.323028
3.02352
1.8408
0.903609
1.20609
0.391764
-2.77124
1.34808
-1.54934
2.66315
-1.9801
1.05261
0.0406524
-0.0263724
-2.76804
-1.27609
1.04626
2.85446
1.26278
3.00761
-1.5958
-2.21345
-2.95026
-1.93054
0.168269
0.912963
0.369125
0.773173
2.61151
2.07826
-0.314551
-1.07516
-0.381809
1.74527
2.16886
-0.359557
2.3624
-0.000809721
0.804403
-0.752917
-1.42271
-2.93404
-1.30688
-0.129624
-1.51094
-2.41995
-0.438629
-2.6184
0.400701
1.98835
2.13925
-3.0381
-0.263744
-2.83267
-0.515653
-1.50977
0.350459
-2.13089
-0.463893
-2.1477
-3.02343
-0.138568
2.67724
2.66731
-1.91442
-1.28987
-0.75927
1.64834
-2.95584
-2.939
0.168717
-0.923601
1.54193
-1.30183
1.41687
1.24452
-1.44785
0.228257
1.06848
-0.254788
-1.48596
2.53983
-0.449851
-1.15761
1.34265
2.33689
0.18012
-1.18116
-0.225913
-0.78723
2.72701
0.218614
-2.4748
2.14704
0.930231
-2.89925
-2.85323
-3.02753
-2.11529
0.799475
-2.78369
-1.28844
0.563768
0.984357
0.776138
0.026692
0.545007
2.26347
1.96698
