575.971
563.406
588.54
569.691
613.675
557.127
582.261
601.112
601.114
594.832
588.55
607.4
645.101
632.536
601.121
632.538
619.973
613.691
594.843
613.693
638.827
613.696
632.547
651.397
626.266
619.984
632.551
632.553
632.554
607.422
626.273
632.557
607.426
663.976
663.977
657.695
601.147
607.432
594.867
601.151
613.718
645.135
613.721
632.571
651.422
638.857
613.725
651.426
613.728
657.711
607.447
601.165
607.449
626.3
607.451
620.019
601.17
607.455
626.305
657.722
632.591
620.025
620.027
670.293
670.294
664.012
657.73
626.315
676.582
689.149
689.15
651.452
632.604
626.322
676.588
645.174
632.608
670.308
664.026
657.744
664.028
651.463
651.464
657.748
620.05
689.166
638.902
676.602
626.338
657.755
689.172
676.606
664.041
670.325
651.477
657.761
657.762
695.462
645.198
645.199
645.2
638.918
645.202
689.185
682.903
682.904
701.755
695.472
664.058
682.908
657.776
689.193
651.495
645.213
651.497
708.047
651.499
626.367
695.483
689.201
682.919
682.92
701.771
689.205
676.64
657.791
726.907
720.625
676.644
695.494
701.778
720.629
708.064
714.348
682.933
720.633
664.085
670.369
745.768
733.203
733.204
689.223
670.374
708.074
708.075
701.793
701.794
682.945
733.211
689.23
682.948
670.382
720.649
676.667
739.5
733.218
695.52
708.087
676.672
733.222
708.09
695.524
745.791
764.641
733.226
670.395
670.396
657.831
745.796
720.664
695.533
726.949
720.667
714.385
752.085
708.103
695.538
777.22
714.389
752.089
758.373
758.374
739.525
733.243
676.695
733.245
745.812
726.963
720.681
714.399
720.683
708.117
783.516
783.517
777.235
764.669
758.387
745.822
720.69
739.54
733.258
796.09
808.658
777.243
726.978
796.094
777.245
789.812
726.981
764.681
764.682
789.816
752.117
814.95
733.269
814.952
827.519
720.705
814.954
752.123
720.708
770.974
777.258
827.524
733.277
764.694
758.412
840.094
758.413
733.281
833.813
727
739.567
720.718
796.117
808.684
783.552
783.553
770.988
783.555
871.52
827.539
789.84
796.124
821.258
840.108
833.826
802.411
865.243
802.412
846.395
846.396
814.981
884.096
808.699
764.717
871.532
858.967
865.251
833.835
858.969
884.102
821.271
865.254
814.99
846.406
871.54
877.824
814.993
777.294
871.543
808.712
833.845
865.262
796.147
840.13
789.866
2907.34
1085.22
2090.53
2121.94
2907.34
2913.63
2580.62
-2213.45
2492.65
833.892
2649.73
2209.91
-177.699
2850.8
1719.82
2492.66
2027.7
1782.66
2882.21
-2926.72
1097.79
2831.95
2574.34
2737.7
2907.35
1964.87
2593.19
2888.5
2857.08
2530.36
2612.04
1845.49
2348.15
1788.94
651.689
2907.35
2844.52
2410.98
-416.451
2926.2
2775.41
1374.26
2913.64
2404.7
2794.26
1763.82
1581.6
2624.61
2794.26
2750.28
2794.26
-1629.1
1996.3
2926.21
1657.01
2838.24
796.21
2643.47
2700.02
2857.1
2480.1
-114.85
915.592
2750.28
2894.8
2304.18
2932.5
2926.21
2894.8
2304.18
2756.57
2392.14
-165.112
2875.95
928.163
1613.03
2693.74
789.934
1776.39
2505.24
-20.5961
2750.29
2718.87
2907.37
2731.44
2373.3
2819.41
2712.59
1801.53
2461.27
1914.63
2140.82
2505.25
2919.94
2913.66
2492.68
2913.66
2712.6
1914.63
2838.26
2744.01
1946.05
2813.13
2473.84
2140.83
2932.51
1707.29
1977.47
1801.54
2932.51
2492.69
2813.13
224.459
2825.7
2649.77
2882.25
2926.23
-108.548
2901.1
695.701
2304.2
368.976
2706.32
2530.39
2844.55
1525.08
2731.46
2253.93
2184.82
2932.52
2662.34
1242.34
-2995.49
2505.26
1254.91
2681.19
2624.64
2938.8
2517.83
-1421.73
2769.16
2825.71
2687.48
2574.38
2938.81
2932.52
2938.81
-805.971
2253.94
2480.14
2285.36
2700.05
2436.15
2938.81
2888.54
2800.58
2800.58
1148.1
2725.18
2517.84
2806.87
2750.32
2561.82
2065.45
2065.45
2706.34
1895.81
2882.27
2486.43
2813.15
2750.32
2945.1
2323.06
2147.14
2203.68
2775.45
2681.21
2681.21
2555.54
2781.74
2819.44
2945.1
2411.03
2857.14
1166.96
1914.66
2813.16
2813.16
2945.11
1047.58
2046.61
-755.69
2486.43
2907.41
846.523
2517.85
-366.131
965.905
2561.83
2888.56
2379.62
796.26
2919.98
884.226
2492.72
73.6954
2731.48
2762.9
2932.55
1996.35
2919.98
2951.4
1342.9
2794.32
1650.78
2945.11
2832.02
2951.4
808.833
2894.85
2794.32
2059.19
2103.17
2832.02
2907.42
2788.04
2888.57
381.579
2945.12
2951.4
2624.68
2379.63
1801.58
670.608
2926.27
915.653
2938.84
2128.31
2888.57
2461.32
2630.96
2429.9
-290.716
2367.07
2932.56
2499.02
2882.29
601.498
1324.06
2065.48
1512.56
2505.3
2637.25
-334.695
2932.56
2788.05
2850.88
2404.78
1619.38
2725.22
2467.61
2618.41
-1.68277
2486.46
1851.86
2838.32
2945.13
796.284
1110.44
2788.05
2517.88
2178.59
2769.21
2681.24
2957.7
2712.66
2863.45
2568.15
2951.42
2957.7
1675.93
2122.04
2876.02
2813.19
2436.2
249.653
702.042
2599.56
-529.461
2869.74
2191.16
783.726
2901.16
2901.16
2662.4
2681.25
2869.74
1751.34
2951.43
2957.71
915.676
469.57
2957.71
2731.52
2888.6
2555.59
1644.53
2681.25
136.563
2951.43
2096.92
2844.62
2951.43
2178.6
2731.52
2819.49
2932.58
2964
111.434
1732.5
2964
1996.39
-296.971
1185.86
2957.72
2235.15
2693.83
664.358
2486.48
174.27
2304.27
1927.28
2486.48
2254.01
2725.24
2876.04
2605.87
2461.35
2492.77
2888.61
2543.03
2524.19
2951.44
2731.53
2876.04
-1277.14
2964.01
2279.14
2398.52
2662.42
1606.84
2800.65
-454.04
2568.17
1606.85
2888.62
2750.39
425.607
2549.32
2348.26
2612.16
2894.9
2882.33
2624.72
2951.45
1625.7
2964.02
2951.45
-202.707
878.001
2970.3
2517.91
2844.64
-190.139
834.02
2316.85
2750.39
2587.03
2555.61
168.004
218.27
2863.49
601.545
1487.47
1361.81
2367.12
2084.38
1330.4
2857.21
2794.38
2857.21
2964.03
2926.33
2166.06
-705.353
2964.03
161.727
2920.05
1638.28
2932.61
2423.68
2806.95
2455.09
2662.44
1977.57
2781.82
2938.9
299.961
2467.66
2945.18
2568.19
2027.84
2920.05
2561.91
2976.6
2964.03
2235.19
2863.5
2825.81
2850.94
2492.8
2957.75
2794.39
1412.09
2756.69
2486.52
1826.78
2285.45
2247.76
318.819
2951.47
1412.09
1738.82
965.988
2128.38
-1892.86
2367.14
2568.2
2869.8
2976.61
2781.83
2543.07
2970.33
2681.3
2926.35
-988.078
909.401
947.1
947.1
959.666
959.666
890.551
978.516
865.418
877.985
921.967
896.834
991.082
890.551
921.967
940.816
928.25
934.533
959.666
972.232
865.418
865.418
953.382
991.081
959.665
959.665
890.55
921.966
921.966
984.798
934.532
940.815
953.381
846.567
959.664
859.133
896.832
978.514
978.514
896.832
940.814
909.398
909.398
859.133
840.283
934.531
865.416
859.132
859.132
865.415
871.698
884.265
921.964
921.964
871.698
909.397
890.547
896.83
921.963
928.246
928.246
928.246
859.131
871.697
890.546
884.263
890.546
871.696
833.997
840.28
827.714
915.678
909.395
921.961
896.828
865.412
859.129
871.695
940.81
877.978
896.827
852.845
827.712
859.128
903.11
921.959
921.959
884.26
852.843
852.843
859.126
859.126
846.56
865.409
877.975
890.541
896.824
827.709
840.275
884.257
846.558
859.124
846.558
859.124
859.124
852.84
871.69
877.973
884.256
815.14
890.538
859.122
877.972
890.538
833.989
877.971
846.555
884.254
840.271
884.253
852.837
884.253
827.704
821.421
821.42
877.969
827.703
903.101
903.101
846.552
859.118
859.118
852.834
815.135
877.967
871.683
871.683
890.532
871.682
896.815
833.983
903.097
865.398
852.831
852.831
865.397
877.963
884.246
815.131
833.98
884.245
890.528
865.395
840.262
903.094
884.244
871.677
884.243
859.11
815.128
865.393
871.676
877.959
840.259
884.241
877.958
865.391
833.975
840.258
877.957
896.806
859.107
865.389
884.239
877.955
865.388
890.521
821.405
821.405
871.67
827.688
846.537
827.687
865.386
827.686
871.668
840.252
871.668
865.384
877.95
859.1
859.1
833.967
833.966
840.249
840.249
846.532
846.531
859.097
859.097
865.38
852.813
859.096
827.68
827.679
871.661
827.678
840.244
877.943
840.244
840.243
852.809
852.809
833.959
815.109
821.392
821.391
827.674
865.373
859.089
840.239
789.973
840.238
852.804
852.804
840.237
859.086
852.803
815.103
821.386
827.669
827.668
821.385
833.951
815.101
840.233
796.25
802.533
852.798
821.382
815.098
808.814
859.079
821.38
821.379
821.379
840.228
821.378
840.227
796.244
846.509
846.509
802.526
859.074
815.091
827.657
827.657
833.939
802.523
808.806
796.239
840.221
833.937
846.503
821.37
808.803
815.085
796.235
802.518
789.951
833.933
833.932
802.516
827.648
802.515
846.497
840.213
808.796
