1035.08
1028.8
1047.65
1016.23
1009.95
1009.95
1028.8
1047.66
1041.37
1028.81
1079.08
1041.38
1053.94
1041.38
1060.23
1035.1
1085.37
1141.92
1104.22
1135.63
1129.35
1110.5
1116.79
1129.36
1160.77
1129.36
1135.64
1123.08
1123.08
1110.51
1110.52
1116.8
1167.07
1148.22
1154.5
1141.94
1085.39
1141.94
1123.09
1129.38
1141.94
1097.96
1123.1
1141.95
1104.25
1079.12
1123.1
1085.4
1110.54
1148.24
1160.8
1148.24
1160.81
1167.09
1185.94
1141.96
1185.94
1192.23
1185.95
1223.65
1255.06
1236.21
1223.65
1217.37
1211.08
1255.07
1242.5
1261.35
1242.51
1317.9
1261.36
1229.94
1242.51
1242.51
1248.79
1273.93
1248.8
1292.78
1273.93
1267.65
1261.37
1255.09
1255.09
1242.52
1267.66
1273.94
1217.39
1255.09
1255.09
1217.39
1242.53
1236.25
1280.23
1286.51
1261.38
1204.83
1255.1
1286.52
1242.54
1292.8
1286.52
1273.96
1273.96
1311.66
1299.09
1292.81
1311.66
1299.09
1336.79
1267.68
1311.66
1261.4
1242.55
1229.99
1286.54
1261.4
1286.54
1248.84
1236.27
1242.56
1286.54
1286.54
1311.68
1292.83
1273.98
1324.25
1317.96
1299.11
1324.25
1412.21
1405.93
1418.5
1405.93
1405.93
1374.52
1405.94
1418.5
1418.5
1475.05
1380.81
1387.09
1431.07
1387.09
1437.36
1349.4
1418.51
1405.95
1387.1
1424.8
1374.53
1368.25
1431.08
1387.1
1424.8
1399.67
1405.96
1431.09
1437.37
1418.52
1387.11
1412.24
1393.39
1437.38
1475.08
1431.1
1512.78
1525.35
1506.5
1506.5
1563.05
1443.67
1556.77
1537.92
1537.92
1563.05
1506.5
1493.94
1481.37
1581.9
1519.07
1531.64
1512.79
1594.47
1569.34
1493.95
1550.5
1475.1
1550.5
1531.65
1525.37
1519.08
1500.23
1575.63
1569.35
1537.94
1537.94
1525.37
1594.49
1575.64
1581.92
1556.79
1607.06
1619.62
1575.64
1537.94
1600.78
1575.65
1588.21
1613.35
1556.8
1632.2
1550.52
1607.07
1569.37
1581.94
1644.77
1644.77
1544.24
1625.92
1657.34
1613.36
1563.09
1569.38
1625.93
1600.79
1644.78
1619.64
1607.08
1619.65
1588.23
1676.2
1563.1
1575.67
1625.93
1600.8
1619.65
1588.24
1575.67
1563.11
1550.54
1651.07
1581.96
1651.07
1657.36
1669.92
1676.21
1682.49
1632.23
1701.34
1625.95
1644.8
1657.36
1613.38
1657.36
1588.25
1638.52
1613.38
1720.2
1713.92
1695.07
1695.07
1607.1
1644.8
1682.5
1632.24
1657.37
1676.22
1795.6
1726.49
1676.23
1776.76
1701.36
1713.93
1739.06
1783.04
1827.03
1770.48
5829.46
3869.1
4974.94
5031.49
5823.18
5835.74
5477.6
344.239
5408.49
3699.46
5559.28
5144.59
2656.45
5779.2
4648.22
5389.64
4899.55
4641.94
5804.33
331.677
4019.91
5747.78
5465.04
5653.54
5829.47
4849.29
5490.17
5810.62
5772.92
5439.91
5509.03
4748.76
5276.55
4667.08
3353.89
5823.19
5760.35
5345.66
2386.29
5848.32
5697.52
4233.54
5842.04
5326.82
5710.09
4679.65
4484.87
5546.73
5722.66
5672.39
5710.09
1154.79
4855.58
5848.33
4516.29
5760.36
3611.51
5559.3
5634.7
5779.21
5402.22
2945.5
3913.11
5678.68
5823.2
5220.01
5854.61
5848.33
5823.2
5238.86
5678.69
5282.84
2750.72
5804.35
3749.75
4447.18
5615.86
3573.82
4667.1
5421.08
2876.39
5666.12
5640.99
5829.49
5653.56
5257.72
5747.81
5634.71
4685.95
5358.25
4799.05
5037.81
5427.37
5848.34
5835.77
5402.23
5835.77
5628.43
4880.73
5772.94
5672.41
4799.05
5735.25
5364.54
5037.81
5860.91
4610.56
4843.03
4723.65
5860.91
5427.37
5747.81
3203.12
5754.1
5590.74
5798.08
5854.63
2694.19
5823.22
3554.99
5264.01
3372.77
5628.44
5427.38
5772.95
4352.95
5659.86
5163.48
5100.65
5860.92
5578.18
4089.06
-4060.23
5414.81
4026.23
5590.74
5540.48
5860.92
5452.51
758.975
5697.56
5747.83
5609.6
5496.5
5860.92
5860.92
5867.21
2116.15
5157.21
5377.12
5182.34
5628.45
5320.57
5867.21
5816.94
5722.7
5735.26
4057.65
5647.3
5458.8
5735.27
5678.72
5465.09
4949.87
4981.28
5628.45
4773.94
5816.95
5377.13
5747.83
5672.44
5873.5
5257.75
5031.55
5113.23
5703.85
5590.76
5603.32
5465.09
5710.14
5747.84
5873.5
5339.43
5779.26
4026.25
4786.51
5741.56
5747.84
5873.51
3932
4968.73
1758.02
5427.4
5835.81
3661.83
5421.12
2442.89
3925.72
5477.67
5816.96
5301.74
3555.01
5854.66
3781.21
5446.25
2870.15
5647.32
5685.02
5860.95
4912.19
5848.38
5879.8
4164.49
5722.72
4478.65
5873.51
5754.13
5879.8
3630.42
5823.25
5722.72
4949.89
5031.57
5766.7
5835.82
5703.87
5810.69
3278.56
5873.52
5879.8
5546.79
5270.33
4711.13
3636.71
5854.67
3661.84
5873.52
5019.01
5816.97
5402.28
5565.65
5358.3
2681.67
5301.75
5860.96
5408.57
5810.69
3353.97
4221.05
4962.46
4428.39
5408.57
5571.93
2681.67
5867.25
5710.17
5785.56
5326.89
4547.78
5647.34
5427.42
5546.81
3071.23
5421.14
4792.82
5766.72
5879.82
3643
4051.41
5716.45
5408.58
5113.27
5685.04
5590.79
5892.38
5628.49
5798.14
5477.7
5886.1
5892.39
4453.54
5000.18
5810.71
5747.87
5370.88
3096.37
3448.23
5534.25
2172.74
5798.14
5063.01
3542.48
5842.13
5842.13
5590.8
5603.37
5804.43
4591.77
5886.11
5892.39
3724.7
3467.08
5898.68
5659.92
5817
5471.42
4466.11
5603.37
3033.55
5892.4
5000.19
5779.3
5886.12
5063.02
5647.35
5754.17
5873.55
5898.68
2876.47
4616.91
5904.97
4962.49
2568.6
4145.68
5898.69
5150.99
5634.79
3586.47
5370.9
3108.95
5220.1
4824.26
5440.02
5169.84
5666.21
5817.01
5540.55
5377.19
5408.6
5835.86
5446.3
5465.15
5892.41
5678.78
5817.01
1054.36
5904.98
5176.13
5339.49
5597.1
4503.83
5747.9
2662.86
5477.72
4472.41
5835.86
5691.35
3077.55
5446.31
5257.81
5534.27
5842.15
5829.58
5546.84
5892.42
4572.95
5904.98
5892.42
2593.75
3869.23
5911.27
5458.88
5785.61
2662.86
3680.74
5245.25
5691.36
5528
5471.45
2926.76
3385.43
5804.46
3460.83
4359.33
4246.23
5289.24
5019.06
4246.23
5798.18
5729.06
5791.89
5904.99
5873.58
5081.9
2028.27
5904.99
2977.03
5861.01
4541.54
5873.58
5345.79
5729.07
5389.78
5597.12
4924.82
5735.35
5879.86
3215.79
5421.19
5886.15
5509.16
4962.52
5867.3
5484.03
5923.85
5911.28
5176.15
5804.47
5779.34
5791.9
5440.05
5905
5741.64
4334.21
5703.94
5377.22
4736.33
5195.01
5151.02
3159.25
5898.72
4321.64
4635.8
3900.67
5050.49
859.61
5282.97
5490.32
5810.76
5923.86
5729.08
5465.19
5911.29
5628.55
5873.6
1758.11
2109.93
2021.96
2153.91
2053.38
2053.38
2116.21
1971.69
1984.26
1883.73
1927.71
1915.15
1902.58
1921.43
1952.84
1877.45
1871.16
1896.3
1915.15
1820.9
1846.03
1833.46
1827.18
1877.45
1852.31
1858.6
1814.61
1833.46
1827.18
1808.33
1877.45
1877.45
1896.3
1908.86
1915.14
1827.18
1776.91
1864.88
1864.88
1802.05
1827.18
1827.18
1846.03
1877.44
1858.6
1877.44
1802.05
1808.33
1827.18
1846.03
1852.31
1852.31
1808.33
1820.9
1871.16
1827.18
1908.86
1827.18
1839.74
1877.44
1871.16
1871.16
1814.61
1846.03
1852.31
1858.59
1871.16
1858.59
1820.89
1839.74
1839.74
1839.74
1758.06
1770.63
1764.34
1732.93
1745.49
1732.93
1739.21
1758.06
1707.79
1745.49
1720.36
1676.38
1739.21
1670.09
1751.78
1726.64
1695.23
1701.51
1732.93
1720.36
1720.36
1745.49
1758.06
1701.51
1795.76
1732.92
1758.06
1795.76
1764.34
1720.36
1707.79
1726.64
1726.64
1726.64
1663.81
1682.66
1682.66
1720.36
1707.79
1695.22
1714.07
1720.35
1682.66
1726.64
1695.22
1739.2
1707.79
1688.94
1745.49
1751.77
1707.79
1720.35
1726.64
1720.35
1670.09
1739.2
1682.65
1707.78
1657.52
1726.63
1720.35
1695.22
1695.22
1688.93
1751.77
1714.07
1682.65
1726.63
1732.91
1745.48
1707.78
1695.21
1707.78
1739.2
1676.36
1676.36
1688.93
1714.06
1714.06
1726.63
1707.78
1751.76
1682.65
1732.91
1720.34
1688.93
1714.06
1688.93
1732.91
1688.93
1695.21
1732.91
1701.49
1707.77
1701.49
1745.47
1745.47
1720.34
1745.47
1732.91
1714.06
1682.64
1745.47
1745.47
1764.32
1701.49
1720.34
1701.49
1670.07
1632.37
1663.79
1663.79
1619.8
1676.35
1644.94
1682.63
1682.63
1695.2
1682.63
1626.08
1663.78
1670.07
1619.8
1688.92
1644.93
1638.65
1657.5
1657.5
1670.06
1670.06
1663.78
1651.21
1644.93
1632.36
1657.5
1657.5
1651.21
1682.63
1638.64
1638.64
1657.49
1638.64
1619.79
1638.64
1644.93
1663.77
1651.21
1644.92
1569.53
1538.11
1538.11
1550.67
1600.94
1588.37
1569.52
1569.52
1582.09
1594.65
1544.39
1550.67
1550.67
1563.24
1538.1
1582.09
1525.54
1487.84
1544.39
1506.69
1506.69
1556.95
1506.68
1544.38
1531.82
1500.4
1556.95
1544.38
1531.81
1531.81
1582.08
1538.1
1556.95
1575.79
1519.24
1544.38
1556.94
1563.23
1544.38
1556.94
1550.66
1538.09
1525.52
1550.66
1531.81
1563.22
1538.09
1512.96
1531.8
1512.95
1569.5
1525.52
1550.65
1569.5
1550.65
1550.65
1556.93
1519.23
