3620.21
3613.93
3632.78
3620.21
3607.65
3601.36
3632.78
3595.08
3595.09
3645.35
3645.35
3601.37
3632.79
3620.22
3645.36
3626.51
3626.51
3670.49
3645.36
3613.95
3632.8
3613.95
3632.8
3651.65
3632.8
3620.24
3639.09
3683.07
3683.07
3664.22
3676.79
3632.81
3670.51
3664.23
3657.95
3651.67
3657.95
3657.95
3645.39
3657.95
3664.24
3632.82
3676.81
3626.54
3645.39
3639.11
3670.53
3639.11
3670.53
3651.68
3670.53
3657.97
3670.53
3676.82
3657.97
3670.54
3657.97
3664.26
3683.11
3651.69
3683.11
3670.54
3670.54
3670.55
3657.98
3664.26
3664.27
3683.12
3664.27
3689.4
3689.4
3651.7
3683.12
3689.41
3676.84
3708.26
3639.14
3670.56
3720.83
3658
3664.28
3651.72
3651.72
3651.72
3676.85
3683.14
3639.15
3670.57
3695.7
3658.01
3676.86
3683.14
3720.84
3670.58
3714.56
3664.3
3658.01
3689.43
3639.17
3714.57
3645.45
3702
3714.57
3683.15
3676.87
3676.87
3695.72
3676.87
3733.42
3676.88
3651.74
3683.16
3714.58
3708.3
3714.58
3702.02
3720.87
3695.73
3683.17
3695.74
3746
3670.61
3695.74
3689.46
3670.61
3727.16
3720.88
3714.59
3670.61
3689.46
3708.31
3727.16
3695.75
3720.88
3683.18
3708.32
3670.62
3739.74
3733.45
3720.89
3720.89
3764.87
3739.74
3714.61
3708.33
3689.48
3695.76
3752.31
3720.9
3676.91
3758.6
3746.03
3702.05
3739.75
3739.75
3727.19
3695.77
3708.34
3758.6
3733.47
3777.46
3702.06
3733.48
3771.18
3720.91
3752.33
3746.05
3746.05
3739.76
3720.92
3771.18
3720.92
3720.92
3708.35
3739.77
3714.64
3777.47
3771.19
3714.64
3746.06
3758.62
3758.62
3739.78
3727.21
3752.34
3720.93
3727.21
3727.21
3796.33
3802.61
3702.08
3783.77
3777.48
3771.2
3771.2
3764.92
3758.64
3746.07
3815.19
3733.51
3815.19
3790.06
3802.62
3764.93
3720.95
3783.78
3783.78
3783.78
3720.95
3758.65
3758.65
3777.5
3739.8
3815.2
3733.52
3808.92
3815.2
3802.64
3802.64
3746.09
3714.68
3764.94
3771.23
3834.06
3827.78
3758.66
3746.1
3834.06
3764.95
3733.53
3840.35
3821.5
3739.82
3815.22
3783.8
3808.93
3790.09
3783.8
3771.24
3764.96
3871.77
3821.51
3777.52
3796.37
3821.51
3827.79
3827.79
3796.38
3859.21
3808.95
3815.23
3846.65
3802.66
3884.35
3802.67
3871.78
3859.22
3859.22
3852.93
3834.09
3840.37
3865.5
3815.24
3852.94
3796.39
3840.37
3846.66
3878.07
3796.39
3764.98
3871.79
3808.96
3821.53
3852.95
3903.21
3834.1
3915.78
5895.02
3840.42
5009.1
5178.74
5888.74
5907.59
5524.32
1955.47
5499.19
4054.05
5662.55
5254.14
2571.22
5832.2
4814.32
5436.36
5009.1
4820.61
5863.61
1716.71
4305.39
5832.2
5568.31
5737.95
5901.32
4952.56
5599.72
5869.9
5851.05
5524.33
5562.03
4902.29
5329.55
4808.04
3582.82
5882.47
5813.36
5411.23
2099.99
5913.89
5756.81
4500.17
5901.32
5442.65
5800.79
4713.8
4688.67
5612.3
5781.94
5763.09
5781.94
2269.64
5040.53
5920.18
4531.59
5838.49
3394.34
5599.73
5668.85
5838.5
5486.64
3620.53
3940.98
5769.38
5888.76
5241.6
5920.18
5907.61
5882.48
5360.98
5756.82
5423.81
2715.76
5857.35
4041.51
4493.9
5668.86
3890.72
4701.25
5536.91
3337.8
5737.97
5737.97
5888.77
5750.54
5291.87
5825.94
5719.13
4745.23
5492.93
4852.05
5122.22
5543.2
5913.91
5895.06
5442.67
5901.34
5706.56
5021.7
5819.66
5712.85
4977.71
5819.66
5474.09
5078.25
5920.19
4782.94
4896.04
4914.89
5926.48
5543.2
5800.82
3432.05
5813.38
5624.89
5857.37
5907.63
2363.92
5876.22
3507.46
5367.28
3796.48
5687.72
5467.81
5844.8
4556.75
5744.27
5197.64
5141.09
5913.92
5675.16
4003.83
1942.95
5474.1
4280.29
5675.16
5624.89
5926.49
5480.38
1829.85
5781.98
5819.68
5656.31
5612.33
5926.49
5913.92
5926.49
805.696
5203.93
5404.99
5291.89
5681.45
5361.01
5926.49
5869.95
5775.7
5763.13
4148.35
5744.28
5562.07
5813.4
5756.85
5562.07
5002.87
4977.74
5719.15
4864.64
5869.95
5430.13
5800.84
5750.57
5932.78
5392.43
5059.42
5197.65
5788.27
5675.17
5694.02
5511.81
5788.27
5800.84
5932.79
5348.45
5857.39
3959.87
4908.63
5819.69
5788.28
5939.07
4110.67
5009.16
2665.53
5448.99
5907.66
3997.57
5536.95
2194.3
4248.9
5593.5
5882.53
5335.89
3865.63
5901.38
4135.8
5486.69
2665.54
5687.75
5763.15
5926.51
5046.87
5920.23
5939.08
4060.41
5756.87
4531.65
5939.08
5794.57
5939.08
4054.13
5869.97
5800.85
5109.7
5053.16
5844.84
5888.82
5782.01
5882.54
3652.01
5939.09
5939.09
5631.21
5317.05
4776.7
3557.76
5901.39
3582.89
5926.52
5115.99
5863.69
5423.87
5606.08
5480.42
3143.07
5323.34
5926.53
5461.57
5857.41
3331.57
4468.83
5134.85
4443.7
5449.01
5606.09
2514.76
5926.53
5788.3
5838.57
5430.16
4720.16
5731.75
5486.71
5656.35
2659.28
5436.44
4952.64
5838.57
5932.82
3721.14
4110.69
5788.3
5486.71
5147.42
5731.76
5624.94
5945.39
5712.91
5832.29
5574.68
5939.1
5945.39
4651.05
5072.03
5876.27
5813.44
5405.04
2923.18
3319.02
5612.38
1917.87
5876.28
5072.03
3576.63
5888.84
5882.56
5675.22
5694.07
5876.28
4770.44
5945.39
5945.39
3633.18
3312.74
5951.68
5750.62
5895.13
5555.84
4531.68
5694.07
3570.35
5945.4
5153.72
5851.15
5945.4
5191.42
5681.51
5838.59
5926.55
5951.68
2659.3
4770.45
5951.69
4958.94
3136.82
4179.83
5945.4
5254.25
5675.23
3394.43
5417.62
3582.93
5235.41
5002.93
5555.85
5273.11
5738.06
5857.44
5624.97
5511.87
5455.32
5876.29
5499.3
5518.15
5945.41
5694.08
5882.58
1339.84
5957.98
5273.11
5386.21
5624.97
4713.91
5800.9
2565.06
5530.72
4537.98
5876.3
5731.79
3513.82
5493.03
5304.53
5574.71
5882.59
5857.45
5587.28
5939.13
4594.53
5951.7
5951.7
1917.9
3777.72
5957.99
5555.86
5832.32
3161.97
4123.3
5342.24
5725.51
5612.41
5555.87
2596.49
3237.37
5870.03
3758.88
4343.21
4179.85
5417.64
5028.08
4437.46
5870.03
5782.06
5832.33
5951.71
5907.73
5072.07
2986.05
5951.71
2715.87
5895.16
4487.73
5907.73
5386.23
5807.2
5486.76
5668.97
5103.49
5744.37
5920.3
3212.25
5455.35
5926.58
5530.74
4996.67
5901.45
5511.9
5964.29
5951.72
5204.02
5838.62
5838.62
5826.06
5455.35
5945.44
5775.79
4600.84
5763.23
5405.09
4927.56
5229.16
5229.16
3048.89
5932.88
4544.29
4569.42
4054.2
5191.46
208.635
5379.96
5581.02
5863.76
5964.29
5744.38
5555.89
5951.73
5643.85
5926.6
2879.25
4035.31
3934.78
3941.07
3959.92
3959.92
3890.8
3972.48
3978.77
3890.8
3909.65
4003.9
3985.05
4003.9
3909.65
3934.78
3922.22
3934.78
3953.63
3966.2
3865.67
3972.48
3947.35
3985.05
3947.35
3959.92
3897.08
3903.37
3915.93
3978.76
3922.22
3922.22
3846.82
3953.63
3959.91
3959.91
3890.8
3972.48
3878.23
3884.52
3934.78
3903.37
3909.65
3953.63
3934.78
3934.78
3853.1
3853.1
3865.67
3859.38
3859.38
3871.95
3915.93
3922.21
3953.63
3897.08
3884.51
3897.08
3915.93
3922.21
3922.21
3934.78
3865.66
3853.1
3890.8
3865.66
3884.51
3871.95
3922.21
3840.53
3909.65
3903.36
3915.93
3922.21
3897.08
3865.66
3859.38
3859.38
3934.78
3871.94
3909.64
3928.49
3909.64
3846.81
3903.36
3915.93
3915.93
3878.23
3922.21
3922.21
3859.38
3941.06
3853.09
3859.38
3871.94
3897.07
3890.79
3903.36
3909.64
3884.51
3840.53
3853.09
3922.21
3928.49
3853.09
3846.81
3871.94
3878.22
3878.22
3890.79
3890.79
3865.66
3878.22
3878.22
3840.52
3884.5
3846.81
3878.22
3909.64
3890.79
3853.09
3878.22
3897.07
3884.5
3890.79
3878.22
3903.35
3890.79
3903.35
3922.2
3865.65
3928.48
3853.08
3890.78
3871.93
3865.65
3859.37
3890.78
3859.37
3884.5
3834.23
3903.35
3853.08
3915.91
3853.08
3865.65
3878.21
3884.5
3884.5
3890.78
3878.21
3890.78
3859.36
3903.34
3903.34
3884.49
3871.93
3884.49
3859.36
3884.49
3859.36
3871.93
3871.93
3840.51
3884.49
3878.21
3859.36
3840.51
3903.34
3871.92
3884.49
3865.64
3915.91
3884.49
3865.64
3871.92
3878.21
3878.2
3878.2
3859.35
3890.77
3840.5
3884.49
3865.64
3884.49
3859.35
3834.22
3865.64
3865.63
3871.92
3846.78
3846.78
3827.93
3834.22
3890.77
3903.33
3846.78
3853.07
3853.07
3859.35
3853.06
3853.06
3853.06
3827.93
3878.2
3865.63
3834.21
3834.21
3878.19
3846.78
3853.06
3853.06
3846.78
3834.21
3865.63
3871.91
3871.91
3878.19
3865.62
3859.34
3834.21
3846.77
3846.77
3846.77
3846.77
3834.21
3859.34
3846.77
3865.62
3865.62
3871.9
3878.19
3878.18
3834.2
3865.62
3840.48
3840.48
3865.62
3853.05
3878.18
3871.9
3865.61
3909.6
3884.46
3871.9
3871.9
3884.46
3878.18
3840.48
3846.76
3846.76
3853.04
3853.04
3865.61
3865.61
3871.89
3871.89
3878.17
3853.04
3853.04
3846.76
3884.46
3827.91
3890.74
3821.62
3853.04
3859.32
3840.47
3846.75
3834.19
3878.17
3834.18
3846.75
3871.88
3846.75
3846.75
3834.18
3853.03
