-118.218
100.846
62.843
-116.982
26.0381
66.6016
-82.9209
-61.9583
71.3958
-121.424
-84.4275
101.116
23.1772
29.0039
-86.0675
35.4198
81.7858
-130.046
74.8598
149.101
-74.0893
33.6526
27.4895
98.1648
-3.81256
-56.014
59.9269
-56.908
106.784
64.8884
99.5045
-20.0595
-21.7699
78.4899
-111.275
-134.163
149.433
-24.5603
-28.9503
-111.385
-4.43611
-7.98254
107.916
-42.0256
-108.928
1.80441
-2.78653
69.5155
-68.1306
124.719
122.034
2.53672
-143.199
-11.0874
-117.491
79.2794
69.9634
35.5996
135.299
-116.058
16.5335
-128.616
-16.0146
133.723
121.842
-3.18437
19.8359
30.5901
117.119
-44.9294
107.975
-97.5558
129.125
-109.842
-151.443
90.7559
65.1888
67.3382
73.6185
-81.8974
125.38
-39.356
90.3806
102.191
16.7677
37.2329
115.559
-45.4216
2.00459
114.429
-109.511
2.53855
80.3594
-24.2163
108.801
69.3468
-22.8116
-3.53023
50.3532
127.055
-133.096
43.5667
126.111
-21.6919
-86.5291
133.618
103.483
-56.8082
135.713
-116.929
125.952
-135.825
-143.308
-141.268
101.593
136.367
-9.90209
30.516
-105.878
24.7929
97.9771
-60.0473
-88.06
8.37857
-52.571
-118.587
16.5182
144.913
-35.9319
-90.7115
-52.4321
143.803
-77.9842
-53.9772
34.608
-10.6452
-101.839
-96.4981
66.4785
28.4235
-135.501
-106.733
33.69
1.35239
-89.3465
142.719
-116.74
-45.6739
-111.016
-76.6688
-58.8037
97.1183
-119.595
129.21
-135.421
76.4705
0.160173
151.269
30.993
-42.2435
26.2685
-75.9577
-112.531
17.6848
148.776
-62.2828
13.2503
-126.987
44.3153
-4.54922
18.2257
-22.4112
86.1232
-110.377
55.981
119.993
107.248
65.8413
-149.968
-144.588
48.5527
142.473
139.136
146.733
-23.6865
-70.9041
134.198
-92.4858
-73.8115
-140.114
110.496
103.505
-105.626
-55.8901
130.864
96.9933
-120.051
-91.4911
53.8591
11.1573
11.1749
105.433
-145.741
-102.063
-108.509
-44.2208
-129.765
-62.8175
-91.4749
89.0942
-133.057
85.723
-79.6178
-140.471
32.5832
-139.461
107.812
128.9
17.0866
49.4889
146.398
-111.014
12.48
-11.1901
106.659
-13.6544
-126.136
-11.3465
-60.5694
-42.7254
99.8283
-38.719
15.9649
-125.552
-129.824
6.96908
149.266
-142.707
-119.592
-41.6162
-99.4328
57.5398
28.782
123.212
-118.07
114.537
125.502
125.252
100.993
124.011
116.197
-95.6568
30.5563
53.8331
4.71421
5.00702
-87.405
-83.4106
65.506
73.1322
-73.6211
-144.708
-28.6105
147.903
-4.5055
-2.95061
-142.419
50.0378
-103.749
-78.5967
-18.2746
-68.9367
136.863
77.6023
-140.478
28.4107
-135.039
140.886
-35.5191
-11.5658
-90.6442
-149.832
89.8779
-67.9498
135.551
-13.5293
84.2581
37.88
131.574
96.2669
-140.006
-145.722
-148.341
-108.361
-55.9941
-40.2548
71.0423
-21.6384
-97.562
-34.9657
-81.9714
147.431
73.3281
-141.4
42.8074
-123.331
135.12
-119.989
-110.544
-111.566
68.9955
55.8711
38.7367
-121.461
-142.256
-128.058
26.4999
-22.9428
-34.1114
-9.98138
112.516
76.9597
127.694
105.184
56.7982
-58.5952
-83.2208
-6.71815
-70.9731
9.5094
104.78
-63.924
139.479
136.926
75.9561
95.9384
-80.8499
149.851
20.8367
80.497
-35.9443
-61.4599
-130.833
-124.238
-123.538
34.313
-70.0308
7.34276
91.6217
-48.8273
-70.9134
-16.6012
81.9267
-12.3333
38.8157
107.902
5.07779
137.334
-50.097
-143.947
-40.584
121.638
75.7017
36.4779
-54.356
99.0569
-100.825
-146.185
-65.5132
85.1401
-95.977
61.2391
15.3548
-108.906
-71.6687
37.8909
-70.3134
-73.9073
67.4135
29.2237
-11.0835
100.252
23.7991
39.3036
-141.255
-117.668
-104.456
-33.7733
-48.9423
116.486
72.0127
-24.5302
-148.27
-121.997
49.1449
-3.7572
-45.4701
31.567
-102.866
-142.197
49.2058
80.4969
3.95803
-76.8651
-107.575
35.1439
130.981
91.9693
134.101
56.6996
79.0036
107.043
-28.6015
-10.6835
109.308
109.002
-103.307
90.7755
-90.2636
-116.393
-80.3311
-146.233
-93.1489
-20.6487
58.8184
-55.2176
141.804
-76.0985
-132.105
-137.242
-126.164
-77.3079
-64.9348
-114.203
66.3778
-100.797
-150.194
-66.7215
94.2981
50.4175
51.9272
47.2665
-127.789
-46.0369
-51.7775
75.7654
-37.3688
-76.701
-35.1879
52.6396
32.7464
148.052
12.3647
-60.373
-35.2815
-42.7603
77.6341
-8.99514
-112.719
-147.779
-95.6145
146.315
3.85969
55.2823
14.6334
-62.4057
92.6076
-45.9339
115.291
92.0951
-70.269
-8.73896
71.4317
130.493
-88.5232
32.8262
-63.6521
25.1035
121.733
140.046
120.926
141.77
-83.6165
43.2707
-42.7447
-51.3494
63.671
115.334
97.7729
11.7316
-102.26
-102.893
104.077
-34.5899
82.076
3.8109
-7.52304
113.58
-40.0328
16.2322
16.9602
86.6654
10.786
100.595
-132.988
101.604
5.13118
123.83
-41.1442
-66.3436
94.8702
-55.9242
-149.537
44.5708
-55.0333
-149.192
-48.1935
-112.891
-10.2249
58.1452
-127.555
2.9499
-25.3938
23.2514
94.6647
124.347
-22.7849
-142.337
27.8948
-126.493
40.1266
-25.4511
142.573
-62.7643
-5.33432
31.7328
-6.24877
127.772
69.0339
59.3797
-38.9995
-18.6651
29.2325
23.793
122.64
-72.8461
107.92
134.167
110.655
-76.4631
66.5226
-117.913
120.185
121.604
-117.905
-60.5592
-38.1912
10.2987
42.1705
-42.3421
115.67
-139.736
-37.2926
5.3227
-85.8289
88.7946
-41.1054
58.1462
135.676
-141.908
130.654
74.1386
50.1633
98.9728
-143.817
-118.52
85.7344
38.9325
68.4559
-65.7123
-125.668
-39.4451
-106.428
84.5553
82.0186
-62.7316
45.6009
112.276
-12.5826
20.6449
-134.343
-42.3571
-82.0624
-86.2533
3.82255
-86.399
106.751
-3.02575
-145.921
0.491348
25.0892
150.268
-59.8982
-25.0527
1.86667
-41.3423
-99.5391
11.0307
-30.023
84.8772
-82.5916
-115.152
33.6331
-152.136
123.416
-77.2057
45.8134
-133.93
73.1187
-38.6224
94.5474
72.1145
101.417
-38.1543
50.4667
46.0646
-50.4806
25.4165
88.4975
-102.062
-134.429
6.88875
-4.7767
76.8762
-52.7756
-32.342
48.8903
-66.576
-7.61667
-104.478
-2.52697
11.8047
59.8316
-102.888
-72.0351
-47.065
128.163
-69.6585
22.6393
-77.159
59.6717
81.0734
-112.876
-38.2711
-62.2982
-109.257
-91.4361
44.5662
0.32936
51.645
-69.7117
28.9082
-63.2453
102.472
111.153
58.5667
-55.3796
95.4049
-13.8158
-50.7043
137.851
-31.7127
-2.65753
-37.067
53.1222
-69.7391
-81.4249
16.4525
-62.137
-111.618
79.0835
49.2742
-53.673
46.4396
79.7028
78.4064
116.566
-130.974
100.374
-99.1999
-140.689
-3.84458
-93.3602
-26.5387
-76.3554
91.7452
133.775
-94.6284
73.2489
112.142
74.3779
-16.1866
-33.5449
31.1663
82.1241
29.8224
-127.687
-28.1866
92.444
-67.6465
-97.9709
29.5813
-62.6669
-29.1145
-115.396
73.6318
91.3043
58.9389
-122.578
-104.103
-8.45191
16.4749
74.6119
103.296
-61.2226
-144.802
3.51895
-51.5567
-118.717
126.7
28.834
30.213
-3.55087
87.9132
-45.0161
7.90859
47.1099
142.436
123.911
40.8995
117.405
98.0293
-108.743
140.227
122.681
-4.09635
-130.285
-125.315
82.9202
34.3179
50.9095
-144.556
-79.4617
-130.314
30.4388
-70.9268
-93.2526
33.3401
-68.3223
70.9113
-20.343
-121.787
-65.9626
-100.44
140.257
-66.7488
57.4141
120.83
-76.0043
145.849
-85.04
128.054
-22.4965
-86.4933
16.5314
-117.584
46.6112
98.8094
17.9164
-0.0632081
-110.678
61.3955
48.5187
-35.7074
71.4148
-108.299
62.7292
34.7893
18.9838
145.789
-99.5365
-135.184
-4.98552
-31.658
24.9679
-141.671
-143.187
-26.7509
-51.9193
87.2336
141.519
-84.7458
-86.4043
130.215
-65.0729
142.81
19.8816
71.6707
-50.1892
101.34
-23.5774
50.5059
-50.109
138.148
-33.8269
41.8171
-91.7892
21.7658
146.733
6.74441
-34.9666
-108.755
-58.7476
51.9295
24.4417
86.7168
-111.484
108.699
125.372
86.9478
94.0042
90.254
-102.463
150.093
-5.45098
-3.35767
-3.02097
91.9275
25.9537
104.78
-4.45357
58.043
29.0006
51.0758
86.1232
8.175
-125.228
-35.261
-79.5995
31.4529
45.2343
-96.421
33.9093
-54.7351
130.968
15.4069
23.4994
99.1986
7.91882
59.2262
42.8616
76.7044
-49.7296
-23.7917
140.883
-23.7894
-74.6558
-63.7703
116.139
-104.293
-60.6453
127.276
21.1505
127.758
135.921
43.6984
56.7258
97.946
-92.2334
-53.3731
57.5007
92.0635
112.144
-57.8549
-135.317
-55.2222
142.795
57.8785
-139.648
103.242
121.308
9.06454
70.4388
-0.454896
-15.6694
140.95
-107.262
19.4154
-29.1965
-118.122
89.6303
26.1756
0.38626
-109.879
-129.519
-47.0391
-117.101
-11.6544
45.3968
83.2627
113.868
72.2242
17.5389
44.9617
108.678
109.359
55.034
23.1691
105.882
-143.957
-95.5887
20.8226
89.3751
-101.729
21.1419
-107.434
32.3508
-32.9246
-111.642
-0.728501
21.9374
-134.08
-111.997
135.53
-100.406
-102.992
139.925
38.9134
121.534
1.94319
124.456
94.0501
92.5416
-13.2645
-100.812
38.2408
-20.687
135.251
112.193
-49.1141
117.541
-10.9893
-145.345
72.6913
140.397
-62.1299
122.891
-3.97183
-24.6178
18.1189
-27.3051
133.109
92.2237
22.0306
149.269
121.531
67.9787
-8.77464
-95.7046
-77.3432
-60.769
59.6219
-22.4671
49.7717
-138.753
-62.8843
90.184
33.3827
72.9089
-142.45
147.513
-55.0828
11.5105
22.1513
-58.3524
-133.662
-146.059
-88.4654
43.8942
-95.9471
-131.837
-24.1512
133.867
-15.0407
-18.6478
14.5525
134.099
-126.044
-61.6613
-125.973
